lava_get,4
143264,748274,927606,270,
143264
usage,3
767790,384546,1016335,
767790
emit_ancillary_info,3
545564,432078,235586,
545564
main,33
808826,750309,453043,28884,920368,898142,442758,560960,223925,773184,660669,455734,105828,438131,101419,697223,16137,824085,508870,422589,1043847,395718,869995,759818,469333,1037061,593580,709855,396941,188739,773127,360030,236342,
808826
do_decode,51
209868,988508,77298,904612,373233,381119,771377,568901,931879,155505,813314,692568,2230,839440,157807,497800,772419,1000133,372937,274158,533625,830646,457153,1016288,464877,933614,675663,183092,994725,1040155,1163,471632,927112,574723,230782,997644,455582,1020834,82109,204616,63188,776601,667261,368170,933650,717367,849128,659819,563612,979138,1034848,
209868
do_encode,22
510227,659344,306015,422456,239864,600286,175921,927584,832383,903840,698896,641598,383481,496106,951029,193674,924234,895166,545897,692304,754691,753651,
510227
wrap_write,20
462987,426127,396742,747968,985784,357201,497625,634733,287111,812759,632851,344442,928395,915933,232185,516547,205092,941966,175490,648896,
462987
base64_encode,36
982349,433388,810830,831477,847953,212134,206433,562400,544746,720763,2191,423528,82834,809118,958278,371023,366960,274874,823956,178579,653435,6986,947289,946120,999145,171816,807043,160043,912263,99625,330024,665441,226483,826199,998090,625198,
982349
base64_encode_fast,4
346916,414241,152995,689089,
346916
base64_encode_alloc,4
930093,56324,407674,529861,
930093
base64_decode_ctx,88
136953,44751,51559,115386,601931,279907,897787,105818,488713,441757,831844,745273,943176,353346,1017966,573635,464119,573321,280002,793721,581716,384802,930157,627055,1010679,1012004,102506,458734,461723,299380,646712,537457,442826,577934,750909,556186,348132,714976,383033,600008,313691,90509,223562,413304,312747,67823,537125,1021715,667482,654204,874153,653864,54228,403422,613720,782398,518291,295033,373574,378563,372447,597206,3090,840947,72843,1040387,608391,72129,965939,51304,430406,409919,658034,641975,364714,669355,418348,598157,788330,43434,837105,759593,680920,10963,258698,80791,895970,589226,
136953
decode_4,43
147087,488462,154588,200387,327226,994375,140497,928154,24479,325946,422318,255108,399177,321544,826610,752000,44821,436922,301127,772346,387278,695334,707380,456802,165507,388683,71082,220265,979691,716830,404005,682846,612141,648235,708502,493046,41576,574979,714716,432239,765954,419473,416138,
147087
get_4,17
258719,132973,56402,347228,985804,810441,824063,957469,517571,408338,699425,27180,954702,904012,581594,965339,618828,
258719
base64_decode_alloc_ctx,6
767286,586714,365903,1025309,60829,598135,
767286
close_stdout,9
20753,968768,111104,503570,702707,931418,735296,829717,256173,
20753
fadvise,2
701795,26624,
701795
set_program_name,10
40823,763875,520295,818352,794428,136984,219621,285662,386373,84311,
40823
clone_quoting_options,3
497936,733652,423091,
497936
get_quoting_style,3
679047,964709,316244,
679047
set_quoting_style,3
49622,1023088,856249,
49622
set_char_quoting,3
639771,583394,268145,
639771
set_quoting_flags,2
1024844,477630,
1024844
set_custom_quoting,5
493601,631856,332973,222040,258182,
493601
quotearg_buffer,3
832376,558183,131272,
832376
quotearg_buffer_restyled,230
131588,129147,898649,541362,497098,187906,314740,836007,178901,751303,736220,219364,825855,120141,103208,943267,357198,174058,792757,640738,476353,714645,445604,550858,921363,87804,178353,554833,310332,291094,926388,648338,209624,442281,489241,195084,863087,708111,363229,884621,463980,845024,231018,597966,1026257,954891,26270,90504,328474,189700,567229,734734,245938,641856,604663,845185,401750,662401,992915,125543,52275,826090,586512,314441,400803,684125,888926,301197,764553,695457,372378,340708,85123,358321,166324,1000059,515722,297145,645591,968644,67152,965851,974477,1042367,112949,1011095,132738,210880,257760,247325,4489,642683,976382,573870,502839,571216,49556,477494,706964,665912,111958,256665,931658,462558,1036746,564926,908692,512871,50287,361319,532103,74542,372452,557118,1023321,850754,802886,331400,526389,826811,455266,507219,502195,103304,9679,57033,348583,74867,683611,751876,806439,745060,612898,198142,821842,605272,319538,543914,35430,325640,63266,586892,514248,84309,245168,807640,341663,563781,532008,1045274,738300,533807,665885,830997,676364,746425,490735,102903,946501,105691,1023397,146125,368879,222471,423254,157585,821139,122242,720538,91188,12724,39380,73778,459867,329496,114797,430313,620802,970829,651503,13866,458487,451905,224878,485392,472193,105103,1001576,653856,150585,978425,239094,526304,110778,654594,794066,522793,454890,784706,49989,995834,719638,1033755,231242,36929,573812,647209,326940,624227,573496,151423,898705,522963,600339,984787,480615,123935,984406,824316,748151,548900,828024,37718,272472,544107,892190,116378,321171,1047339,898434,
131588
gettext_quote,6
523264,867020,482150,756314,969923,70560,
523264
quotearg_alloc_mem,5
729277,617782,1004972,380364,687646,
729277
quotearg_free,8
147458,966297,394789,341564,900035,575120,463452,472753,
147458
quotearg_n_options,11
266585,627080,864349,187153,26200,275233,644053,630542,718327,211564,464748,
266585
quoting_options_from_style,2
309187,369381,
309187
version_etc_arn,14
1034686,893001,1004024,852964,448155,890309,53716,778858,274497,243252,117270,404726,1026119,881963,
1034686
version_etc_ar,4
137105,122461,1035602,582079,
137105
version_etc_va,8
77897,525002,6629,112785,234668,389295,217402,365628,
77897
xnmalloc,2
545551,663507,
545551
xmalloc,3
591253,809825,699663,
591253
xnrealloc,2
851574,899173,
851574
xrealloc,6
629164,771545,454548,472326,838519,410401,
629164
x2nrealloc,7
167584,811786,962476,254992,831855,25725,526028,
167584
xcalloc,2
476815,363503,
476815
xstrtoumax,49
714104,255907,49682,166671,229213,180428,135853,218841,881225,207824,710148,933887,584208,412687,740366,339860,720281,842968,257647,243397,966255,77898,771837,1001172,429481,692128,151524,826927,988779,748180,967228,37888,635232,360322,841921,331163,1027544,813132,705800,306716,926149,177759,527708,764830,147149,99905,503899,704735,1018650,
714104
bkm_scale,3
983434,620200,523019,
983434
bkm_scale_by_power,4
675082,301398,4728,419012,
675082
rpl_fclose,56
558383,959975,552882,505427,92088,765832,743126,686543,438473,476620,887423,609266,238639,846237,470203,125669,813445,17526,713298,1017782,79710,352798,108454,487461,612168,557026,915144,964945,1028381,348576,979280,430018,511314,13324,970499,981422,717568,824470,276411,324375,178860,291018,999117,150636,969994,380354,973458,596271,209342,612232,592125,132898,830723,38565,172147,947137,
558383
rpl_fflush,39
195765,396436,396968,76653,1046285,170509,218804,358787,327800,559411,467521,132467,601102,308227,533972,75681,396369,876044,1019190,63147,361128,939490,1000437,1008079,172144,151010,162649,889334,454510,488425,355775,669644,1036224,496905,401233,975161,793709,293719,67200,
195765
clear_ungetc_buffer_preserving_position,2
1025231,772137,
1025231
rpl_fseeko,6
879010,411143,649962,868754,805561,653918,
879010
c_strcasecmp,7
928097,923742,599829,936479,1038761,343914,378606,
928097
close_stream,64
537127,650459,482926,146899,152086,711148,886672,148218,894762,85006,404166,1046328,162674,973681,271842,917704,658972,21081,1000481,987392,964841,76255,69521,246377,252213,685636,1016218,948448,671326,636906,128688,703561,1025621,880982,892623,32941,421187,563250,333670,406417,92434,193686,726866,190394,967111,244208,284758,834883,623835,190754,438513,228195,332892,301833,552497,203870,751728,705008,491115,779634,674126,456874,923035,172112,
537127
locale_charset,12
910472,966177,586561,111533,937241,537441,73041,37518,90292,206211,589353,991059,
910472
get_charset_aliases,44
961111,125212,642539,285289,660190,804844,348686,69053,281169,678514,299230,130404,409982,970930,273885,165663,264195,1021991,588199,362594,461594,397988,1035240,1047631,24960,622044,345025,713713,40487,705767,500905,500793,113729,623258,732912,901741,56139,956210,718196,310637,584259,18771,636553,635716,
961111
c_isascii,2
319975,991413,
319975
c_isalnum,5
115762,537404,917838,931420,49363,
115762
c_isalpha,2
748104,1035740,
748104
c_isblank,2
148306,562427,
148306
c_iscntrl,2
399940,343048,
399940
c_isdigit,2
1027395,102619,
1027395
c_islower,2
608065,907443,
608065
c_isgraph,2
194899,994532,
194899
c_isprint,2
204122,844391,
204122
c_ispunct,8
417392,871552,999257,772658,515500,557930,384620,285576,
417392
c_isspace,6
832003,977975,810791,942395,811472,689418,
832003
c_isupper,2
703570,53985,
703570
c_isxdigit,5
330412,189307,735678,380080,199899,
330412
c_tolower,3
69467,790412,947959,
69467
c_toupper,3
743240,965331,665625,
743240
