lava_get,4
253322,589854,165037,877676,
253322
usage,3
165055,1017801,1033369,
165055
emit_ancillary_info,3
268835,991014,107995,
268835
main,52
857311,304698,441126,42693,60279,192398,528836,170892,661014,136194,906599,35058,76168,230235,456955,971391,552305,407632,421631,507130,844783,795511,433204,1018917,966396,871712,211955,667235,162088,306729,187126,884733,457058,684286,694114,312023,842368,815365,1025362,272639,892242,719025,1002545,343744,186579,735100,880018,64560,815046,118614,891686,950906,
857311
size_opt,4
489596,912475,454826,360988,
489596
check_file,88
232313,354114,369121,302340,299756,929406,560122,419699,694237,787177,968950,174250,358626,876352,174687,63370,220201,593283,66767,96448,884487,497722,971245,722626,407158,105679,102158,737503,318079,225661,754044,899767,706516,514993,291521,91231,588719,523466,457799,79720,658743,143915,465328,173109,398122,227598,687802,29261,523263,70450,107119,942216,750635,158651,614622,1024817,423770,985690,1001574,623930,508995,454712,930317,493964,1028227,171212,726095,782608,481959,588014,131055,272795,684411,395349,320134,988530,822232,977350,878639,60402,987152,945060,296467,44251,571777,826433,147944,209082,
232313
find_field,22
260562,421188,575135,361249,755809,4188,712762,395587,296205,267435,971165,322523,943951,148622,151033,875674,962136,992292,609429,837486,594989,902536,
260562
different,12
906265,910515,541619,746567,441060,958574,120895,379754,416326,683523,455138,818582,
906265
writeline,8
932205,332655,400591,737794,436162,412175,729107,393414,
932205
argmatch,26
130681,458026,362034,523504,1044632,59670,785691,467187,437169,99362,986457,47465,388314,303249,569807,190437,1000077,952064,437668,43319,585444,884920,981242,991879,54797,159019,
130681
argmatch_invalid,3
879822,366721,666126,
879822
argmatch_valid,9
288407,318059,887846,78732,583095,169751,950126,729403,29178,
288407
__xargmatch_internal,2
41425,1031904,
41425
argmatch_to_argument,6
15146,88900,348833,65954,77016,153740,
15146
close_stdout,9
833205,664635,784345,379763,825568,660715,19207,119889,662374,
833205
fadvise,2
156854,245566,
156854
freopen_safer,27
523913,701375,560782,944228,124891,707533,592220,988681,348822,204720,223494,650854,284559,446601,942172,687167,237990,1007377,69782,464719,583312,984201,566978,50363,641404,876761,479010,
523913
protect_fd,4
159706,743691,156406,249899,
159706
hard_locale,5
6221,134963,238086,868053,399420,
6221
readlinebuffer_delim,30
826481,529745,210775,212107,835191,668502,519331,1029194,385940,851733,980597,75152,822978,271730,1016043,1045244,1006195,90255,57945,1020575,342654,110185,420134,27855,227827,393337,688968,226832,781728,57249,
826481
memcasecmp,6
121137,494568,580330,247152,887186,482835,
121137
posix2_version,10
859652,1043250,683823,1037284,902118,22922,850535,1005880,748317,284306,
859652
set_program_name,10
68470,948212,315122,238499,365939,334996,265778,408226,352200,812675,
68470
clone_quoting_options,3
778980,748253,36776,
778980
get_quoting_style,3
116050,720111,605972,
116050
set_quoting_style,3
130655,388806,652396,
130655
set_char_quoting,3
599509,300064,146775,
599509
set_quoting_flags,2
215600,466868,
215600
set_custom_quoting,5
951935,773542,17989,214702,130201,
951935
quotearg_buffer,3
839858,731109,590317,
839858
quotearg_buffer_restyled,230
902863,258965,557853,476443,744403,375183,129643,479227,24443,715342,677413,97197,212221,609350,285734,756518,81639,646706,825381,448833,697792,432636,617492,860438,67482,684367,408674,503934,670044,515650,215800,47224,190500,936932,768504,488514,112631,196579,784439,323483,535647,548240,740839,516640,68307,269509,207307,581547,1010664,365112,807094,99736,726202,601272,304758,265410,884030,736150,817249,938600,187929,121087,476267,793043,123963,120372,963206,802206,516425,54321,231082,613012,84806,642829,504800,739035,692386,39389,514181,558434,942012,520625,898915,448899,629158,139371,822952,926776,4393,761237,5306,153347,263242,817770,1025169,366992,1006435,726672,113297,174963,630215,554119,18142,263773,953348,531729,428130,607771,877814,420221,704594,724437,626255,470651,529528,433432,959949,515759,371295,1000626,755967,186146,120281,826894,122307,803926,985753,440778,882320,254409,508468,474440,626818,349356,721155,225605,785186,564068,157093,854986,540926,57725,41548,1041535,361357,238565,935211,241090,654628,462990,891852,755754,51772,485354,613633,488266,902102,584086,1044495,818943,824414,178525,721938,175926,1010061,655199,278937,433224,633624,539574,161768,304664,525256,958944,417219,878451,738245,904107,428015,739598,670375,194261,708599,231445,497489,492328,750284,674551,637166,748139,265655,198867,586414,366932,85857,355353,404176,656968,128524,357846,610856,236694,598590,539528,447589,192989,817105,668569,446256,320796,44879,239769,177188,513254,736574,931726,672698,611419,1031090,409892,341463,94771,994739,464936,750265,924532,413306,195624,1012462,896206,
902863
gettext_quote,6
531403,999314,899201,378238,664529,263242,
531403
quotearg_alloc_mem,5
342437,67408,72778,681019,269501,
342437
quotearg_free,8
569612,672700,224725,425540,288470,851712,63893,801366,
569612
quotearg_n_options,11
535476,181687,374735,108155,812724,974488,1003977,1002142,878220,241674,214276,
535476
quoting_options_from_style,2
126724,575582,
126724
version_etc_arn,14
741954,632197,33031,912063,917815,738842,680366,158328,948157,801691,638743,479413,685704,499056,
741954
version_etc_ar,4
147859,742289,665537,335982,
147859
version_etc_va,8
445008,913287,437692,291642,57968,675760,563700,859273,
445008
xnmalloc,2
11634,1034285,
11634
xmalloc,3
983800,461191,510827,
983800
xnrealloc,2
972898,480814,
972898
xrealloc,6
826357,459774,191494,246047,966949,933107,
826357
x2nrealloc,7
261565,1023009,602099,362374,683406,23997,380682,
261565
x2realloc,8
250925,662613,565309,608986,82887,873974,235041,632950,
250925
xcalloc,2
337906,567804,
337906
xmemcoll,2
966778,298407,
966778
xmemcoll0,2
709136,578175,
709136
xstrtoul,49
29259,219382,215286,1011925,273814,757102,324240,685636,326273,678853,115949,976518,319410,314728,159588,713104,803185,469032,765906,750490,1004717,347846,1041517,839662,254916,983393,668021,405017,89110,967402,564073,437545,515841,288577,290383,224316,449508,526905,557068,761664,787931,134274,559241,346232,210461,897049,896988,44641,144021,
29259
bkm_scale,3
597426,323710,680929,
597426
bkm_scale_by_power,4
345329,167092,477250,665806,
345329
rpl_fclose,48
576661,623981,290795,735678,186695,227216,870171,399362,605076,400020,769954,653429,191632,969105,700701,885487,337839,316114,382530,81315,587368,604333,580389,374579,951907,17100,806973,739993,442475,618911,198281,323388,916715,116179,642718,819894,506026,590474,330771,174728,691078,907389,862359,399505,210753,350859,425663,945155,
576661
rpl_fflush,36
265173,544471,210252,40827,691441,754117,547779,207740,72099,639757,665359,142140,1009102,236571,118671,679991,145908,243161,491676,23863,915289,108178,658250,604774,382471,616231,186641,875367,202796,533357,196512,705312,340659,698581,183885,966877,
265173
clear_ungetc_buffer_preserving_position,2
451848,465092,
451848
rpl_fseeko,6
342398,791872,217246,724124,69324,551055,
342398
c_strcasecmp,7
614278,593587,200610,104635,150221,325029,477084,
614278
close_stream,20
384706,269809,990456,871088,288501,44704,443646,514965,386148,1030538,891459,181484,723842,750735,665812,243625,59600,851740,77066,735233,
384706
locale_charset,12
714011,329616,893966,55207,925250,162698,219742,715651,675888,943879,597054,295067,
714011
get_charset_aliases,44
652362,658135,772484,46419,76153,547001,172042,153082,639378,816849,659963,754128,901735,580399,788359,58291,973698,72998,12642,86950,495453,10339,187584,716211,479202,637506,968409,377864,992489,223205,785154,75842,997923,359306,268257,50785,31633,382630,224546,1046180,534750,794337,978169,227575,
652362
memcoll,4
33313,605779,732277,480167,
33313
strcoll_loop,11
830461,643613,237154,813853,755524,488005,198174,635243,72143,138932,504630,
830461
memcoll0,3
923819,817288,307834,
923819
c_isascii,2
114067,134037,
114067
c_isalnum,5
578898,994670,423473,36264,907856,
578898
c_isalpha,2
61916,1009878,
61916
c_isblank,2
790378,29587,
790378
c_iscntrl,2
35182,247242,
35182
c_isdigit,2
23584,391447,
23584
c_islower,2
516943,70843,
516943
c_isgraph,2
401466,380054,
401466
c_isprint,2
417219,58933,
417219
c_ispunct,8
933949,977753,1024243,644448,972501,646780,159677,918109,
933949
c_isspace,6
909976,514680,766495,1029323,186690,466947,
909976
c_isupper,2
115753,8816,
115753
c_isxdigit,5
444093,996992,877049,137229,218325,
444093
c_tolower,3
760082,629455,561264,
760082
c_toupper,3
890597,869198,612893,
890597
