lava_get,4
740220,38121,976780,263502,
740220
usage,3
318339,881268,929138,
318339
emit_ancillary_info,3
884542,911714,835705,
884542
main,32
678149,479802,735789,9460,689362,986359,169907,797479,10477,200466,723460,453089,598013,876205,720804,674576,516220,628868,219592,824442,832063,241385,738129,51505,2693,28847,285130,281600,770992,295719,772564,793597,
678149
who,258
27522,443641,1012218,107492,981732,749100,339166,371316,4001,19437,882100,123700,410267,1047736,341139,374463,118071,615775,1037611,877419,23569,593476,329972,704596,316381,623106,1025071,754422,117649,521017,497764,827449,665008,697549,69340,576234,55759,455645,37351,719706,835699,503638,1041042,150380,963066,568904,518301,1028091,742426,788776,154881,904675,437568,596372,423410,828652,561738,1022727,493198,664320,795928,819944,532425,400386,427947,1038041,457020,793469,157310,320933,608768,791254,384724,676135,889937,237035,476527,902943,807862,186652,395340,770062,21682,698373,856221,759713,71740,538343,219220,285810,457781,697871,531249,894685,806991,477770,208878,1006116,714212,409553,626644,938270,623081,106272,593940,902883,914928,937454,55840,688138,816324,1016587,316588,207187,581465,504081,737431,857917,821813,105663,307695,370322,512149,571650,1042763,382245,328544,787138,275808,627357,562490,1016806,476638,563283,741760,617052,628916,174928,197999,660479,957790,1002698,344405,882890,687009,428911,544534,452270,174713,222471,635923,917354,778321,308753,790284,119931,963380,937256,815313,879424,184666,654670,656901,701796,25341,699513,715214,877528,611997,372704,58361,4627,566688,232375,664877,787171,322983,530167,451630,762923,59078,89660,982151,170676,56317,899277,1036015,87844,797211,887552,383443,214480,1019413,637734,928035,899440,765942,712830,907713,196514,378310,30133,951120,919876,438196,64693,336424,479489,1023821,729729,420730,841819,521118,837614,341004,295709,32769,36488,443819,635069,666641,655079,978936,261750,154641,808886,523497,713467,59627,376294,488059,71369,997846,456141,15646,226530,742397,636776,967602,578363,841430,649038,940803,312391,816436,352485,312114,776747,531712,654474,226947,181069,714038,593526,667795,706732,461987,777002,
27522
list_entries_who,7
621124,306068,729503,644903,33831,254426,557387,
621124
scan_entries,375
64325,741329,705103,14663,1039855,373367,94533,1005206,140992,912352,966739,57037,586321,936141,656412,701072,180710,966132,800616,87292,614679,441331,247438,532171,975715,835491,989227,408369,983397,319144,740886,263396,365465,758834,113172,909401,258210,388487,700117,894078,268030,472559,524946,735654,128286,2425,1026439,742192,446774,460834,250001,239222,623815,1013859,499792,902613,491779,976503,158948,427917,669805,107830,696164,990997,253897,654308,724915,1012110,472664,575511,788180,691702,756144,199533,234635,153750,9216,503533,63027,799742,849210,820823,250429,825705,713176,646973,782189,684163,909729,356274,462570,1000229,771605,128591,901140,102980,285233,178749,659586,210180,308518,776966,98677,531889,247674,55618,349611,133455,462457,907272,141805,1016797,885481,962700,102848,820677,981458,453498,961620,1039965,824974,870963,54279,198650,217889,831758,19023,786732,946949,352419,825161,412588,673587,789602,802897,747350,827999,705304,525580,350438,961301,54588,933600,836253,493601,833195,264617,1028230,14717,476260,501672,348333,744772,114797,909016,965246,598857,753490,812578,267279,681263,527791,249106,835509,228126,32862,438228,1010894,386258,356201,542352,19864,244129,576514,265945,265736,895693,844513,252396,360047,894639,161746,774106,418717,201180,358486,1047790,836165,103128,251475,159322,267706,262162,102662,695089,995082,855620,825444,232316,692938,970504,128453,381199,164485,280147,853401,933172,445908,136174,661318,1011280,323839,716076,350898,296293,333313,1046685,139363,377810,863635,719810,48850,740991,751165,1043328,659852,971731,775781,35824,539048,73364,550339,285552,450781,993551,272743,934301,220616,816351,455306,287113,768561,1699,849500,573870,369640,163757,718708,561106,64096,386755,122291,658433,899197,266112,188737,372511,763494,404488,411733,904390,577018,652777,468881,368064,671388,869818,1027300,88010,905884,135273,907348,1003343,881994,138108,289039,1026525,13494,64631,796033,1015353,138939,163949,267695,995585,606082,171049,590067,38545,485072,668637,170576,591592,228736,666446,40344,395038,421243,296947,810947,813941,326238,833308,62231,291215,1048508,272839,557862,354579,472079,762791,605672,691707,668241,667277,184034,799065,369057,378002,407076,978592,580493,577516,18710,876377,904544,1003213,699845,439980,586422,750122,491325,232153,35834,243095,230796,849918,375966,901068,262378,885466,270885,579987,437872,241665,30074,746175,443823,333205,539907,922567,749411,533416,54192,471478,66201,434916,99896,259241,986296,513488,444117,489193,140840,319022,350123,402875,916923,127760,273624,239109,907606,676912,640354,496696,
64325
print_user,5004
388483,545868,172695,671965,808883,994283,135426,161389,236297,974889,888387,849747,839448,706344,365660,1009300,116072,538167,493077,602303,103969,363815,896592,243168,814353,594235,334904,353006,873489,557003,165239,944716,1024320,570079,595865,722206,671817,939229,562650,604148,303303,982592,545214,763983,297797,560701,790138,744347,891149,186127,389658,89696,945780,532733,114171,788282,238113,7105,1009321,104878,1043499,721578,73845,502367,683201,354857,548252,37182,424903,905311,658221,956548,318740,631085,686165,538028,352967,417573,628381,343231,559859,287289,94065,504992,894387,9466,1006744,351791,881091,556395,670265,151193,256878,401469,440131,99689,394212,10950,711450,1007246,877669,12718,934151,64170,298811,236771,666413,943732,956732,759975,1041325,299702,198067,875239,826594,418202,802045,442948,795431,405711,79108,1014742,1030447,620237,157948,238315,142724,537659,848669,201732,149655,233798,2280,590745,135289,843377,590362,959919,670865,462261,863216,979511,190017,298156,832916,616797,71248,885695,478766,871239,375744,828453,427007,489765,222801,878110,604027,1043383,229063,784155,792852,995974,154396,937628,212382,198641,377755,505657,718316,854059,898873,978559,444062,199792,217754,686528,287748,826131,418443,26730,426899,170376,203890,560841,622880,814748,1341,927501,669522,69952,14089,849306,341830,743981,293469,342523,996082,476446,140356,25027,355035,187837,535931,801779,145480,1044153,579635,461406,423169,633163,927522,388430,440009,1026425,853588,295026,842652,516424,549626,486884,92783,854675,278769,545308,424316,370000,57005,129714,574730,28803,110441,539790,806693,234525,277265,1002849,155295,1042467,27877,87426,669094,755455,167280,174537,992733,73177,527170,1007692,620605,593030,915050,219343,307675,455833,752433,787745,1000685,50474,331217,861400,428351,329973,498968,192232,482730,968867,283989,370974,352868,927216,321491,429676,112433,392990,705161,719026,91815,1040458,289513,661780,969377,72872,721706,796455,222079,82724,292905,817171,992551,848990,367400,734074,519863,1423,910071,533044,196700,1035664,1187,944405,410063,766837,490955,59732,697018,35491,379586,475059,446946,660250,91110,90738,750634,157641,861370,975088,32024,925826,180206,957910,845704,893067,714391,27588,796033,421202,832556,126378,589767,237860,337489,625419,857722,892493,439652,866577,746653,413495,1030619,525229,80345,616643,409796,398939,1027040,353549,801173,685468,433062,599672,282637,60918,80165,393182,915496,840284,816266,860166,102797,128475,847330,397216,412417,161670,563493,669617,130439,826844,156373,272813,41285,1019135,472874,1035039,1041255,656933,596962,391360,39681,806282,265797,400729,109283,606842,350448,288949,944177,200710,41658,944147,302111,874347,558078,859877,770162,152358,1044907,383621,732086,371270,821542,425692,919728,37043,813575,995723,485119,966184,1038626,592380,346492,747596,249251,448437,24528,1015295,431351,514639,1018814,215313,484297,850924,983955,964037,497441,685641,204004,138181,467303,386016,357750,289327,745148,43028,307072,450624,420802,712209,1021505,281610,86936,265729,303337,744196,990529,213897,434372,40229,258614,846331,341599,308480,501352,70006,599784,944653,270292,977660,565716,295694,754917,807374,1012815,271658,930861,788540,317792,986286,20557,244851,359333,258485,302734,154679,860850,327544,959965,707905,933946,98482,400,1040116,935466,88761,985544,527789,474540,925927,973844,597149,482403,304734,1011036,269421,943626,664061,206349,213643,584853,686,636017,818122,266174,839256,727503,977561,263946,555123,197783,74236,143871,1036860,345324,443459,504332,403422,972621,153754,868442,381662,332263,708700,544367,822616,1039792,834985,586575,485308,1025197,813500,324338,572726,341314,438603,670915,708550,82336,550812,583922,320279,173130,710227,929957,643028,27151,338955,576298,599873,589586,30217,810165,166527,58865,470629,1042193,169351,897596,926452,1026537,636980,928856,356602,839041,325614,946375,591976,46022,551890,427268,747676,764852,587632,748029,344274,986412,731103,908615,274694,995605,30556,956140,552793,332460,58474,30051,132037,674601,360199,136601,51469,637153,941129,821702,147696,767556,613561,800785,628706,173886,844398,444755,998840,647529,444835,1014937,858568,230301,52130,918369,772159,378079,263893,454923,214958,531204,832746,987215,1046741,44897,321723,939305,614773,882836,124457,866731,341402,185185,326523,449319,220341,552261,907907,787521,28493,300497,843678,481931,312256,28203,20245,284754,42593,966943,61472,910597,299633,286325,905182,16461,857690,235315,508184,14091,1033438,208578,937229,366754,963272,300362,652807,257983,576665,62830,569579,318371,396250,1031485,222357,676299,39296,212326,329633,907772,864202,220499,321942,372299,1022790,283303,514420,922487,106786,766529,902398,536363,230553,869643,279194,804516,888398,563255,454921,11795,322107,972930,896774,698622,703662,284127,810827,450602,520604,552990,1000509,894619,285370,1002095,296276,120852,260414,406335,892047,63596,472956,56042,119638,228011,778315,391464,41356,522004,646806,18443,440838,512890,184501,809864,975606,575106,172608,635193,89218,932488,595630,549205,512884,963713,498157,5622,72875,591672,389162,285349,177845,716179,443028,642699,117425,351203,801987,301465,923042,377411,150183,263043,901545,480435,159099,558324,577664,687397,528723,504363,808131,310627,707399,827839,828696,954489,539707,153362,1023671,634808,351006,471139,370483,900787,391481,496779,163564,712580,370923,404254,648517,81347,479124,532324,868507,588414,263112,51032,120939,484226,259817,663457,739835,245770,819304,213226,960191,558893,529283,844959,161198,520152,395775,9330,474428,1029135,425985,109052,971478,179428,1004846,112876,687228,258625,714411,517149,439805,251345,559911,303719,754232,720009,928295,248886,135307,544827,820969,1008039,280897,627556,273096,822342,84855,499906,285787,630530,39328,123084,82449,770244,800285,309334,924199,1032299,486885,103253,707409,424306,950707,388455,679263,179361,272372,637639,674416,572578,625803,998804,102133,657947,545231,300423,638220,996329,600366,728269,306617,949645,161499,933811,898015,213466,291149,976670,97646,982300,298666,846942,958876,428661,82327,741720,1015984,967934,132921,964823,262406,457604,293408,946837,971739,1033932,66132,110139,578418,487099,647154,1114,823033,743470,773641,938316,789431,541026,733042,425317,271272,878035,194397,313837,478399,384985,981180,691540,306572,663017,1046151,19109,900101,821269,999423,192196,608685,559524,1009830,527321,625722,516630,249831,265388,546028,588041,432586,282034,118711,868678,252739,291678,33954,615930,675988,434861,1006982,811461,62510,764641,956679,103567,911257,624801,440329,50951,457202,505916,145256,486365,167946,25803,824143,334590,865538,446616,354761,65754,935785,198835,86883,1020607,592416,1035242,551218,510341,345683,845516,324833,1007903,182185,915436,956127,754390,623170,122299,154436,205563,572277,435948,665261,794083,433859,83618,722554,900488,448890,393111,699963,151202,3574,984611,367831,904862,333828,1015028,189949,961458,302983,333924,39446,881702,953185,844778,325162,879130,220905,486747,956764,480268,635268,192530,158680,400449,101912,438625,920210,629695,497988,380816,373301,103311,1026536,134366,933091,128165,12779,296425,426107,633123,382673,669379,294924,30551,676396,567487,622737,595328,212280,486847,295753,616579,935708,479992,561304,841259,87712,149708,712561,126972,591626,341502,316681,766486,617949,625757,819769,173659,58189,1020141,718191,514894,226311,139963,844862,230677,961395,553701,460434,758462,476368,943509,529404,954463,722245,158511,690276,149188,289432,806883,556087,473632,561164,698408,250368,2829,743938,974297,1014931,812359,757636,31885,595700,267348,470224,970851,14640,446643,374664,548826,504769,303192,449418,424897,60522,55798,110975,168920,268756,543232,461924,716716,861415,3793,211258,812536,55699,916159,296066,920891,481162,126172,15796,250237,731360,1023532,210400,621274,806456,210743,129111,685167,41855,689928,845231,694511,490356,869955,67199,790704,865085,943268,408758,50149,92458,135777,235595,406380,325119,615372,609976,399592,33414,557909,292587,899173,17123,136005,261256,592519,447046,575283,500665,960092,1029397,947559,788196,642554,519546,922224,451926,921229,518110,894930,194813,84504,118594,275925,592876,396468,714329,115918,594026,226984,910361,877129,873453,782760,758441,73778,19411,546537,818070,757266,1009903,936067,400610,81030,761883,11057,408646,937379,589393,576511,252101,203936,808571,409518,524360,940436,223367,112768,831338,570037,501813,119737,420705,95407,680103,260780,273631,155140,166613,611693,682867,128085,282905,481635,434652,610312,584191,798350,738589,966418,517100,253744,643338,824358,973544,452349,891029,465494,821288,191026,950226,95254,482812,442162,738786,542942,538627,998041,156995,943342,112723,689799,927550,80535,5270,907626,24323,392763,847909,679961,146354,745429,971013,818372,420143,161396,11677,488043,957912,590913,840139,870104,404269,323022,640,741722,128734,831977,84894,130604,266335,1037904,94620,168664,1045949,967140,160965,653398,1002959,768837,930827,102018,900558,62157,487192,441914,484762,1031540,908613,583340,911205,694922,241996,588829,227589,151402,771073,120826,138840,559933,375745,330984,384514,391314,465576,101962,427982,351801,48053,866357,201145,385484,222605,546698,689294,987478,11327,876970,583835,640392,145787,329042,490663,195172,572897,814359,1030714,697685,657578,566188,253863,314759,774978,661031,362862,311073,995202,33844,272382,976005,241970,570746,893056,428851,415663,800354,451555,934716,209691,488194,800018,32627,390807,135357,295488,459894,804576,761567,201920,102539,88306,238533,969431,717818,671844,703099,956705,121355,802198,962126,319499,586569,355509,724556,441402,126436,681412,20994,489642,732813,896250,536196,74488,54739,914264,925797,341734,260687,763350,206096,763762,685885,697501,998866,397117,251477,21864,594,396649,973039,23623,447525,265474,14025,644879,136424,552654,756663,480614,340147,341481,73946,330723,459698,129873,989710,185845,518855,48295,431567,753002,4663,341725,458661,419704,651494,341857,75954,799980,351377,919813,34775,681170,508401,37934,374063,459384,1048018,91476,574873,208335,223789,903232,174197,835396,535914,818085,763716,75743,131568,114934,904615,884357,326852,313584,438438,30940,23536,961972,540233,723308,406850,598261,943497,345533,787682,532121,1034786,499202,295161,166211,286130,347251,82748,507400,1009440,650552,674951,489705,874242,596362,247130,208494,447811,546402,471907,427995,909764,19127,1035894,566917,708661,315897,369131,904908,592265,808146,532603,24159,675760,674810,234598,857128,829476,39723,354208,764977,775534,349329,837901,290887,658356,172409,18521,74221,767129,793373,803261,48937,429606,352380,695301,798107,101080,518349,304521,271995,859694,56685,640972,523922,879938,312676,870645,170209,450274,1035489,591371,519259,883880,582857,798269,54128,250681,439028,241720,202603,183093,707706,876894,256838,351929,375592,1028772,587176,883883,1003903,976311,194389,120268,21494,547791,435072,739378,736047,972118,846288,188062,170195,19579,1032335,878830,488464,997117,984981,267694,430799,181998,497793,960073,440496,129575,110510,411513,485895,1038078,285979,408741,626321,408720,426093,520626,443323,674187,575424,77806,420724,205553,525018,811940,1048158,431992,621198,11429,149441,761670,47988,383850,936345,383853,595145,430538,669040,498528,204581,107819,14759,489725,331970,834901,921305,8369,781715,412029,401680,84102,208965,964119,102155,1023487,675963,510899,622543,278104,453204,387348,612424,246650,787936,1015048,405986,89289,565214,444381,418903,974105,502024,737013,388477,1030504,30970,119038,764993,988958,1024369,645393,1006004,996731,739515,141435,811830,156133,503392,341269,859688,684975,692473,485477,121127,913243,332713,478699,196166,812783,819392,1045524,1021182,847924,1046228,319293,463814,699424,759706,516601,562185,977753,891328,136464,834732,974600,854890,139618,76053,254919,79583,931047,529905,651108,718220,73293,500401,78152,410347,382071,115287,802051,231067,749098,880635,380827,529654,455039,845193,252018,176704,746667,327782,1020258,1039435,934633,661849,27748,581202,151462,732287,324904,795587,224348,837515,58465,801678,642749,581375,819014,968185,678381,344603,425800,434399,290491,60975,331476,346762,400190,1032191,101345,215212,866178,309949,320246,293111,811018,656180,514944,765504,160113,372254,634465,1047414,854718,444734,767747,651581,407958,173390,142514,678255,55641,93198,327862,327445,636605,979565,370140,208573,960856,83770,264678,216802,648307,352264,856694,695777,267802,434345,599101,35063,412913,409624,944455,959337,222928,488188,729883,111666,46606,71859,445873,767060,508035,260763,914619,245690,261879,13435,224935,1014495,967303,935470,110521,978225,462491,11852,769145,573464,931742,287165,81479,28167,139594,501117,1014374,812394,921143,533136,697849,140216,464295,1020130,930981,413469,330670,563358,184915,755508,633127,689039,675086,483450,103570,530742,430797,913184,823026,31380,381181,471004,96909,75425,577311,606333,1038982,760787,699654,164570,163672,556068,317694,440985,256839,797576,917216,301295,205790,247373,159077,944963,51927,814976,852836,506230,626282,562402,434399,1036121,427177,280682,1005126,261366,958698,945442,313870,218683,450428,68803,964630,222620,588756,437737,739834,665817,161828,414253,479901,280718,135783,459222,1019414,815450,662990,675954,410712,72805,635021,974048,935825,444714,489213,167455,486011,310561,625758,22871,399113,1017862,673999,592572,495239,1035604,127344,407963,503789,63671,663069,913540,679301,722298,945309,853080,534914,309374,419031,196473,518747,995954,96001,660686,159442,544217,955484,923015,584707,842693,293330,777287,420987,988583,940031,705712,319982,7718,1008431,1015774,344186,941809,920598,837304,364410,938170,230042,437410,704966,442472,513897,1006623,752699,201287,634170,831852,679901,180875,492759,1008653,601024,466334,516552,433519,232585,769363,975600,531786,693176,343701,901559,208551,852064,36232,359029,104840,894556,742543,426343,535474,1003478,356836,983671,561649,573120,907043,1032329,958987,456445,83488,991528,726952,759503,151464,548406,796200,943199,385235,993082,457991,803660,943729,383476,574654,800784,606820,846470,532669,706115,694669,322496,709255,546753,46839,992799,1008886,821288,486720,709604,996110,670940,156974,839550,1026233,325201,703035,66043,864818,409629,55479,367911,53160,919829,296811,552679,1042670,798699,643878,840712,38187,245285,765035,56361,924124,444358,819842,995393,952892,364307,398928,445473,43453,544091,785270,260291,453564,516104,816905,751301,1038455,623482,959353,634148,388370,16222,866865,131744,657292,549074,1012062,168868,266367,587075,208861,727150,436884,1008462,872356,162756,543913,999448,640673,223944,758452,643377,533809,90413,448642,834872,967289,856244,815503,703259,361588,851433,1044993,219127,884922,886481,167514,268160,244951,452923,1036062,302521,752667,261797,926319,110302,782496,96256,715465,367428,758454,98033,686615,578716,724767,576584,222284,618453,989294,445969,796731,57792,469431,260988,469431,688131,833750,56703,103781,354781,618483,492227,761895,767142,942355,521075,720807,172585,732916,277982,13414,333081,703701,270379,1025204,587456,507949,387303,93211,923882,270405,677500,975248,84299,235083,813360,279819,47086,487650,742428,942625,10813,312415,623267,503986,392617,894954,717028,871627,432639,115034,306631,295289,329798,671183,198641,304958,967232,607571,1023000,1040497,837372,388582,659926,258577,269767,241413,768464,930117,271065,73337,69381,679161,995669,529961,301137,288558,360181,595758,888774,15522,179370,686365,793638,997522,72054,485834,400579,129473,354575,269190,132740,745645,186314,464454,98587,136478,736911,177217,342173,498101,148446,555664,51778,896699,295996,13489,675062,921658,3386,887889,817512,379932,798635,987821,683312,506460,372705,332208,698686,830836,297645,374842,554884,785508,585461,660244,600612,860246,548749,442904,188262,1015244,962913,985451,479208,559129,563461,700984,133320,628039,14161,24604,231308,965445,635765,963543,260562,336419,180512,787922,1041005,387997,183870,625659,478322,1035973,444831,58681,896851,407621,335324,259492,204224,770785,869205,1044456,808606,368949,424283,261092,151155,346512,260490,223550,380745,592805,953760,263380,399632,494145,495721,33320,873903,199652,348301,103639,709233,46867,855346,29912,901589,903584,426439,916182,103978,1046333,851778,855450,433346,926716,467271,232529,431931,49076,549814,426216,701707,161024,399613,905642,390383,54714,934477,870690,916692,52320,730610,463316,564245,352667,591382,468310,11532,324083,657966,914737,35974,193358,831041,241123,764303,1034544,578292,560302,961678,159445,643277,748997,208515,17379,205654,866254,852993,163504,26508,286039,698071,188572,721292,321749,613268,90302,60375,862779,863804,86795,763699,262511,964085,154998,830642,732829,713045,707925,621700,1020156,462293,394362,901182,791558,40148,737292,782826,323388,377242,640353,919424,639446,197431,969654,279894,1005525,1003117,216280,559877,523557,837616,355296,163501,221626,108495,700052,138009,563236,589718,105996,376973,563224,414257,138661,738766,525583,874491,51097,510988,530160,86126,598826,472559,559575,597800,883314,728517,257711,128890,19756,10014,346887,377643,873922,670707,459538,537143,980968,123274,1023404,108964,647272,207529,931680,252780,155501,448200,98724,900373,665898,279577,230762,86648,777847,655122,930996,562242,552992,386100,57616,338956,901674,715505,564423,924470,41231,258605,972192,435147,555175,405562,805780,967288,689001,746292,943692,959734,823829,748614,145390,521422,779979,458614,76705,356482,935455,20901,681274,1002856,244426,19740,737246,936333,557561,852176,212303,889572,56475,647302,144796,765061,717254,724335,725576,671651,330613,60968,622289,531782,585097,834226,660406,741108,974833,850061,295043,102728,303933,313673,457104,950935,628139,807000,960630,333127,625589,245976,793999,954300,278343,791309,273757,537108,672526,558624,787530,868771,424311,568946,917401,833517,1020850,731834,1018002,437954,344769,821155,26149,147640,111893,779729,118672,217940,178543,879349,640383,541784,695207,330355,862601,912402,948996,777320,994669,625245,582649,957409,956323,195729,913660,133660,690792,69549,900486,1002057,119637,873306,502289,995204,478436,506369,928272,713831,541977,922311,936062,912529,682839,915701,333407,200685,686490,473103,627467,588586,991604,69836,461583,658745,644651,362045,539875,61839,159502,708887,798147,945954,934989,576265,790212,571207,162655,555966,376135,579222,698615,504348,118691,364052,495152,771102,933936,680785,1038962,285653,324750,465264,449328,63068,138789,797673,534982,1027318,819633,931866,367157,510933,274298,24291,351617,1045283,118229,115197,434625,344444,820555,362242,346987,960635,683778,384254,449743,254878,1038330,988725,589114,1017739,398828,226325,262625,358292,664312,341567,12943,80768,48976,699082,311633,174184,184553,642760,51191,432436,696284,234897,180955,993514,265149,807991,540132,974814,305205,39252,530704,918226,327770,440350,75758,828981,482971,682375,608492,460618,913819,103158,60216,994484,654717,982260,198596,852103,315745,905328,68087,114969,701036,166410,376082,86018,847062,646701,218572,224124,577769,1010135,1009718,254157,8964,668390,796643,628110,532128,710055,372973,100960,985249,30161,291695,1028535,412093,597255,755181,650123,962321,841196,4721,110915,166675,396484,568468,711107,196530,660388,995554,309115,581866,732308,709206,4040,603793,284764,217391,96788,168074,923715,990717,193109,278940,626897,445268,584990,793806,267029,602578,28812,67730,766310,709255,669188,307795,565297,81999,388608,563327,586857,902942,987154,391994,54033,476677,103792,396421,829528,684625,934430,994469,193781,160981,388831,549319,684328,50384,3281,828513,388375,140159,801021,313694,593681,1032115,942164,930687,1005900,669759,767401,273267,574187,1026059,766031,634783,14035,597998,262947,348454,861435,287588,261425,842394,212791,564904,634080,334769,113248,737160,69673,985109,49735,898764,397647,120735,530636,965531,578022,1010811,174350,722430,316736,968122,320876,260687,980074,474257,731752,293916,523088,291330,822974,797211,967634,94657,238010,901839,825711,984730,429516,488560,394062,342248,238686,158061,2239,766924,657677,129057,226429,670145,1040802,1019186,296218,915948,103606,38172,270173,574906,1016584,222058,133784,795460,455965,319621,99656,98259,464599,909819,1024210,437975,84547,576909,856568,863579,836208,794824,1026044,712877,417650,67253,973689,609188,234381,101953,199046,289257,1016076,638313,969406,600068,490378,678454,888025,901281,326679,774405,85470,641505,805448,529867,234811,239511,636715,1026379,282564,266008,924188,192214,238642,1020736,1013453,817114,33006,370198,104925,794372,670614,542047,863131,816299,49146,870062,978193,688395,58619,733581,358544,73843,912162,181428,295532,308248,961107,176324,321570,872781,1026354,295474,707968,75655,595848,790084,262780,297366,259394,94879,406018,472496,204847,45635,592867,897134,564109,478041,79326,990089,314357,580991,546950,703505,308576,312694,152935,1033144,385435,884201,948621,500372,876792,687655,483533,582718,312191,326453,993491,616909,779766,968087,666217,241908,982859,981379,810293,298482,363012,546052,566731,595860,195328,689487,903695,393735,138847,519011,217326,808141,838453,1034514,125543,190103,221982,286524,816350,619059,756122,103346,517790,197551,810328,413126,428906,130687,913635,818953,401046,479157,696636,363166,599490,427513,193620,918279,1027941,319472,783817,768771,905289,382930,1016084,760950,113787,991582,957212,226259,239822,815164,136056,96276,752121,905114,99770,651509,476191,726831,139170,812253,630736,14806,12856,1047500,894837,686120,450379,97738,149569,641287,579585,205823,230084,450900,323284,622212,969838,444818,878083,186797,209254,706662,606738,813557,758677,1005648,650489,296888,46974,201251,962366,275704,411906,817747,115688,965759,828885,984575,379670,94780,107249,379459,214747,589735,375559,631981,565874,124402,579631,170619,898117,1020261,711647,16899,657240,132514,163531,473651,139744,640000,805797,804653,82514,252300,822629,308888,510721,302022,188257,216535,430600,561411,861022,972409,1297,467493,787239,81614,104051,483323,756834,550275,24209,392772,122642,9389,958356,98797,557287,722992,586465,317103,365481,146306,732632,347636,373266,659869,701633,609942,613373,328942,141556,245380,450371,208852,61707,313388,924673,896720,40749,1043,45116,811490,664979,522450,992188,752930,230556,784012,918108,669187,470244,358427,393695,955071,402351,848459,568452,145642,984230,414631,470908,1013011,68721,333816,692736,918068,937004,460746,434490,716567,274781,235733,79247,1028088,891,942745,513129,124689,607052,520103,412933,365616,617514,583484,145029,840270,767925,214467,408803,862075,588122,881494,614848,634526,416113,424536,495649,81832,567940,68016,916792,84203,935714,434738,492649,705635,1004481,84871,496161,744078,825452,692745,910192,337113,391317,93949,264840,895675,476822,447919,530075,1001666,643533,8158,757360,1003393,872276,806761,373563,114872,500429,1024414,386973,917248,104774,784690,421570,72254,775742,107646,832649,1018762,710025,341665,872247,799892,665358,40793,598667,867550,226057,289715,292869,664155,442382,504562,834264,882805,203120,530725,632432,350891,9196,252970,301150,262729,675609,126259,914414,988513,513639,534676,919248,795040,544799,100584,559230,377870,843160,127714,702784,622942,942888,249719,491039,68371,634156,255429,971952,578621,279082,596831,82104,358163,556965,1021000,876321,540991,295992,530784,980368,743134,153627,22201,1000457,545180,231451,20700,19561,190244,864741,787700,758035,414544,22251,792482,495908,519991,437028,726540,94438,619872,316579,639445,1019437,912667,992358,479513,931907,707268,790809,908201,938215,887678,921809,715576,788786,293561,927445,392930,714120,685333,908812,311143,1010327,697726,421009,990702,936969,637315,346870,777874,591188,143870,955866,319788,793821,230736,72815,397625,511714,787126,604128,194796,510481,254147,87851,944432,6306,100521,576526,535007,376854,975829,259047,484235,371654,654909,952038,419727,633242,222720,657321,351557,158303,577223,872387,8025,829398,650334,260156,810630,308778,559017,218094,626185,604044,523853,967481,876416,278912,812038,468718,303388,755341,289409,1039715,598732,468427,512159,39343,489281,938673,856176,839969,934787,40503,173029,469736,758761,381564,143422,51058,672622,851329,157431,225973,485483,611271,973648,977099,472971,509532,478248,73842,107193,188028,828111,992771,758571,588362,637620,514139,930405,367610,479499,666761,265159,549895,58410,931841,30568,416219,310379,262260,107362,936377,616381,819509,478774,305112,434676,862168,51014,394667,987225,275028,349225,827897,3086,679979,892204,855431,969720,958220,764908,309616,138053,850844,486696,298492,474868,394563,216191,435122,215465,329726,634305,519103,762945,955368,643503,630286,339617,970623,629490,203083,794059,879877,771530,180952,332949,1046089,647259,474128,945363,840906,597328,273270,855171,714684,415857,491868,466838,123016,589593,128212,814647,841220,642342,774959,647692,30844,989906,84815,499433,184011,668690,28055,999049,276745,455040,414032,530683,634441,473449,663580,928115,269010,998539,617371,104748,316111,428685,860391,495238,919224,493518,122813,491357,100075,69503,1037371,409504,818488,611631,808864,140089,441243,420565,947933,341619,817505,54686,810762,648997,462273,625917,667543,708874,346313,824738,988310,183000,485025,634035,470793,154388,762215,131465,755117,386664,450386,619882,999427,506808,552111,403765,199221,872822,141754,20053,385360,852270,383515,623401,715621,258870,974071,186785,110358,173510,976564,105738,115464,811456,388265,869766,1005951,872625,608619,430947,408940,393095,519995,210781,224898,244246,961566,280095,279968,285672,874486,393283,780322,124176,664782,616029,196366,359581,540429,298138,954653,918213,892368,896097,192709,791993,240056,850480,354032,312168,481205,1043961,888747,345356,925329,97352,137302,650474,116722,104854,631190,328050,1033548,843049,56036,309243,1034840,166236,659596,207035,106510,319180,271377,224906,419075,697531,178031,872935,106960,502008,774051,700237,67304,586750,329489,214674,49597,679811,454933,709073,185901,875697,335034,526936,318890,604991,791620,804680,74550,537249,88063,840039,237201,458634,327416,517567,477160,877250,1044746,205613,335979,359425,18680,937948,458383,497270,129968,684107,760007,10728,213297,552165,872985,454076,736450,135639,421717,102877,610593,533628,418870,566846,271055,916008,296543,21334,406456,151722,954339,51444,216912,666067,682147,30452,761194,264564,546403,680327,1033788,799945,425920,791596,346203,14666,500541,894180,253194,307508,232040,130930,902040,76148,178329,168750,255659,445297,741399,465379,83060,290993,546156,252479,648269,686115,897947,824968,163964,102703,609016,505835,191573,497678,90874,971999,394527,757536,351014,691457,521427,831017,97466,73634,459950,603723,447791,885065,1012116,523761,248648,228349,661601,535282,947324,963323,507160,790974,304598,866056,1040946,784938,482186,30950,955594,500141,1001896,798842,665799,578961,463712,984723,190897,526922,543153,211467,765605,975686,569256,644942,512772,631941,824997,32437,667755,1006768,56532,5187,621460,742925,876511,651561,902222,792757,536732,899177,485631,467020,864749,704273,62280,566820,556804,366242,55541,245725,1014983,477017,427382,242956,610322,965042,576099,309429,882944,876200,627591,15461,966452,265507,442294,905469,359944,228755,555109,702865,565268,164232,1002818,485063,438788,733834,707132,153623,82422,598425,930364,933418,789229,1029058,585308,412618,254103,194791,1937,1045531,992541,458529,431509,227529,1031284,1038648,232697,106228,1037087,269113,770058,675819,210007,183930,501888,652669,911674,48375,674776,808539,53283,521980,673525,259330,714918,187279,161600,411985,685132,583551,776800,584297,250267,934506,908577,533951,444504,199264,635563,731489,987038,738306,733290,471669,697631,508290,194289,17179,676684,321024,597579,449969,862331,62961,59252,751224,664643,97777,542671,719204,576091,617582,222930,166360,537871,387724,293784,80381,438351,556857,937793,495318,700461,903217,113965,386282,752764,411860,590050,826733,17029,166219,1003576,418352,389943,890955,186140,833020,930792,32581,212931,686238,374152,892814,627743,1043548,836853,955586,407793,136629,251997,28321,316705,276162,500427,195102,727606,630478,930863,1017386,97112,106227,124974,677243,338601,281928,792880,1028735,123014,259930,565064,288225,287797,297277,344844,680114,229870,327345,799580,887612,769884,680203,431213,575197,916683,129093,241584,677265,287446,699465,192054,25670,68769,776769,309028,957954,736769,544525,201367,673633,906274,502645,171469,628663,57302,42629,610555,671281,421315,499098,1015279,760679,998058,822878,327775,220324,202086,284755,854305,832471,144394,112387,943400,385698,134566,1046482,244698,804741,1015214,345030,1026979,479886,239749,554045,629483,957085,164466,480251,804565,375430,702170,1040401,83346,92473,327034,344398,1002858,485926,540350,239509,329337,895135,168915,553093,144184,864035,253284,744647,603851,386615,226047,187746,506723,374361,665068,119755,761889,439632,293125,855708,872673,235088,478452,414012,768279,964612,483065,126080,777455,988286,65737,339777,25780,709855,723559,756215,139579,625038,922462,651759,791102,587916,671578,166804,165862,794405,165979,10650,865015,510666,188916,39080,161033,946528,654593,677085,68931,622710,930421,92391,896028,279307,972402,205192,1010462,280265,934163,479299,983463,81540,926962,986599,975050,687828,301672,904603,618440,162557,425292,282532,35031,537982,882142,1015815,345956,357934,807404,171660,856692,542197,591132,258913,533560,703262,789219,297455,500016,744869,804142,102037,760887,325865,755929,205017,308438,673834,96863,11990,305642,540700,652471,870536,625017,437495,230361,482106,999503,462387,256920,222326,366042,416352,780332,44753,95019,83683,375033,851402,472472,332057,779853,645505,573558,389062,726720,347261,458973,507093,143380,228127,88724,985890,217454,415231,1029038,344184,512876,442520,430,868337,394395,771337,930637,1044097,781701,263841,535458,285606,989871,394263,399549,682073,679560,950284,907600,358565,937068,58211,311181,844571,277380,914731,260991,517175,852598,124044,601309,67421,882134,912284,739174,994577,303599,398220,57944,659086,254051,99587,677002,717329,479624,684596,598914,264650,721146,125055,350631,1039411,75269,220435,583271,468538,356187,303789,136311,465638,813915,648292,853675,796726,1041301,937990,992837,997587,269305,152744,393,641324,140831,341194,917656,893077,908491,1047249,357159,191260,668604,693241,1009500,632396,811699,34230,357846,120097,572092,775819,219548,75591,64537,793055,869663,771581,16414,53981,9922,207567,422941,585138,917352,230888,117951,882040,578451,416963,1031896,16108,97182,294099,155359,90934,1034457,986904,540299,141033,180126,849944,330052,635576,592465,502915,165406,380193,258137,376184,1022373,578779,765620,368501,1040573,666419,881456,470200,102621,22860,61165,222295,1044800,489160,228206,667858,283887,161682,715168,258274,1039719,879289,343906,1035532,358115,93037,535593,645851,917821,786178,951780,299455,603522,188022,991321,977281,322414,806488,60332,64271,803261,837727,472641,822095,521438,439338,965159,611733,151354,790220,197476,27988,478344,137635,579345,957124,359215,624309,132702,125166,957526,30207,254721,345639,393120,500176,806209,61911,314065,774653,401452,178864,380901,543947,152426,119168,185042,935486,791317,845840,319832,726458,825604,313442,987915,984503,722721,52883,917965,568650,217368,83192,837194,842175,202651,715797,936879,599949,133472,805001,952911,413602,855720,682103,14740,746925,889996,634519,800219,209974,18981,476778,270874,621192,941542,477157,69969,424359,308669,602224,260064,555517,82115,780098,569579,836629,867267,495845,292982,493911,446078,1031826,813252,393162,465496,396754,247383,827044,45156,163257,500063,154721,216141,408320,719028,695071,824724,632578,37355,662745,972550,179835,963194,500856,516870,574511,615423,287111,331222,292111,549087,118205,616929,914635,727948,108560,539727,823280,246699,414120,939674,731926,669287,289510,665893,1002184,520229,491639,822597,742866,886502,105315,91246,831998,155581,52938,137598,553201,755325,758820,375758,539046,784242,984569,339807,11656,481710,555386,1045567,910901,536352,199252,700127,432260,546589,779519,854933,769758,252099,100286,336035,769640,228913,342125,615259,378477,119713,776986,281607,178140,303175,701968,179073,700131,80326,1023078,912359,185530,1020593,318601,732105,690312,226232,623082,579392,287460,710306,992099,364002,271975,395495,860689,990620,351975,525298,501337,319079,12069,561795,4575,387798,975179,232887,938907,513781,1041218,408783,119979,850975,264888,93955,536525,909299,958346,135170,515131,206381,572496,311861,1036159,625133,686344,833557,336168,229702,963655,318707,736691,1000199,601949,560808,609762,510239,157882,596510,599167,125691,158409,1043259,546629,47058,548042,913313,545196,882619,951730,167074,113465,646600,450837,416813,367602,238364,453176,1020589,457432,412938,384837,193056,94036,1028602,421951,510107,824413,806763,302666,228104,717504,147704,699516,73335,138788,65271,763949,405082,285426,855175,532209,194217,424838,534722,127405,349197,180718,967015,616618,988607,478047,230456,263629,2829,1020647,207857,126136,812328,354479,229903,12724,278219,27425,25101,188432,350873,1019010,859900,168292,783118,672158,644644,344474,300693,706870,132262,61120,913037,607139,732588,903270,413475,616215,59191,38952,924870,784709,460829,929335,779560,243542,258648,273728,393207,12671,627863,112105,741069,217561,464251,593994,967625,861484,410734,92825,281298,4965,641030,663056,110986,62881,543093,731612,903306,1035847,157111,659526,911392,456039,166103,415268,885231,987347,698928,463347,228979,500187,701214,1007658,83821,874925,527618,317093,958310,663984,273420,523238,450911,587761,15261,911177,528760,1016312,546012,737342,921748,870765,990,791225,912414,1035138,437311,247334,971811,989485,837627,182737,166298,499209,77292,293567,751666,351256,255039,663381,500539,256136,111169,777496,289989,1021476,521915,396851,306111,351948,35459,333868,761273,491206,779030,86614,755955,120268,846221,901528,567594,166675,1030066,729147,411011,671005,678036,185020,641422,358469,782238,602869,787835,308166,572326,673115,1035547,132277,354742,256063,893945,163648,883366,914138,1024895,848088,669115,199599,76943,993855,668883,740613,409609,624317,685739,481529,758873,5937,993846,21299,95531,680147,223192,124445,338935,949404,688118,615098,465756,813503,22643,634028,891634,326603,511465,758494,168713,323066,221236,692041,517235,519415,185735,205930,276776,754411,217314,32360,979828,897276,706866,1137,997261,218909,771715,730093,455245,397153,286869,243896,573940,863065,289594,851626,205812,663564,258946,739682,988905,377552,820966,952420,
388483
print_runlevel,10
260002,868616,904080,61941,13667,172123,771855,524107,675500,841770,
260002
print_deadprocs,2
803797,93501,
803797
time_string,1190
442892,407595,530124,442918,612436,288422,326894,897385,226794,643822,1044681,927742,258449,557476,205237,757796,73456,863411,428255,345130,520711,460056,983917,139590,329797,112209,902766,997509,712312,126309,108811,517102,1000921,785847,589691,372717,715955,909432,93063,813431,783859,748763,917016,750688,155530,449725,712526,446609,250189,1045473,266282,901706,153811,584957,763009,669735,226878,87765,19043,676071,666874,438914,1044048,995696,20828,36965,313631,220772,652658,714317,106966,865383,705399,429163,743025,899015,133878,692147,126301,375011,583285,434239,302072,315784,412165,273245,317002,852976,1043200,698267,290221,50396,838059,553450,333235,62913,291862,764862,103588,500088,13595,1034885,863385,304422,24272,547082,502819,738592,291445,208087,123352,492626,768154,1009148,240982,338920,185417,585175,115938,858235,843711,454703,954219,590257,388186,821769,20770,926752,474731,612090,299408,970291,227663,485051,347911,483811,651451,441001,34658,754182,781027,934382,793195,542145,651306,935064,8094,386963,315093,579359,118148,806051,953109,278117,181159,362035,511099,715408,11823,475070,314637,565267,169762,558490,775668,99284,103868,614839,55236,996169,876680,150006,557470,594922,25815,183847,382975,663185,652769,1037592,262372,225102,993637,374643,684322,236693,631865,851630,203537,710054,419393,569805,594440,306529,357513,578496,383846,986127,594964,329205,634430,743137,952597,358480,944168,336910,913859,68777,42554,658358,670851,1019954,991876,335029,221123,768976,181556,24697,1009729,193135,403135,171730,388186,728143,615813,830808,526203,244210,711115,1007768,194898,739216,143130,462032,98515,1009604,136638,770069,373265,955564,787561,178590,491407,734692,1002041,37609,373477,524818,492163,620890,593443,43752,714676,206329,214882,1028443,851114,219056,581258,447893,599057,683087,213752,440565,97604,248017,594797,372552,57015,300262,692199,225766,438586,788683,349995,505992,673503,873010,299833,544594,277878,39909,35804,84996,991343,364718,665387,81127,1035306,26666,9235,237201,673162,521417,326634,321857,810046,428611,774227,938671,898865,303384,845297,571074,205747,120177,81823,897721,419014,679405,387998,301585,314452,995319,195228,757098,91651,561194,396419,720400,681432,817148,149379,469666,1036856,265466,53182,525746,248671,407738,309328,489417,128168,289352,85727,78177,801753,481839,513043,470950,3425,877601,254891,424241,827261,947462,948241,488994,390338,552420,739523,194649,477346,395257,579418,443136,554048,639450,626933,263927,847095,493632,551117,774593,712397,368945,909034,896044,191506,279618,60358,305191,994916,374770,959757,978892,801511,456461,357999,196931,460916,425164,80894,659179,515358,1043325,612977,141547,196006,84015,106439,865464,438279,163426,455827,818098,926234,189542,467319,230953,738943,509818,525644,862662,119106,828838,961008,84919,919075,98414,608703,194494,62623,444913,184181,464043,901570,177893,576650,51712,938656,921302,477700,153224,205991,674526,119574,252479,204480,712139,324684,263210,52892,556316,433083,276724,440003,125676,107096,217327,530538,79206,712297,832310,1029079,256862,623481,482865,961177,257340,598633,668848,683515,907764,24849,55123,968368,156925,466016,500290,436533,751706,228649,687812,176600,486935,430641,765294,901732,856191,700997,433394,1045645,204302,530978,909604,413168,978950,798729,783068,514763,701986,328635,1010984,1043186,59797,681338,267820,34934,92916,128138,484849,566678,134549,1033410,243584,90469,396425,315699,600895,128856,1005917,105308,440026,697284,706156,486887,318154,557652,321821,321744,1042083,462401,831317,748765,39834,1044330,639241,222338,241305,563634,696469,41314,6936,418750,92877,894163,104132,476317,37513,270511,5553,74523,367327,675485,167908,507518,192490,830425,99224,528183,941094,278486,681759,932101,931311,796620,420301,533082,119429,347685,350535,103138,355461,742451,85587,646786,595830,1023332,631501,948286,12317,402524,518897,171671,47021,925663,325984,940582,913789,87554,856517,977482,611038,632784,810520,708199,180248,206880,997753,288896,897907,393755,146210,856761,920220,1010800,630081,83356,843368,386506,200059,379574,108276,30877,965005,53651,485758,989652,733169,643391,693578,284398,496745,467626,35318,896850,900261,615685,814302,17414,966336,496492,518472,1035486,186830,807878,187341,106915,411454,975625,380097,682150,3172,191743,895822,499630,280223,168525,385114,1001761,785737,403777,804764,608590,36658,614415,310962,648538,497249,83033,863,109502,530209,31206,433462,438692,745454,95127,304587,669285,190780,758001,483114,815877,149670,276283,432997,431620,663812,829953,447217,219323,13964,645738,1018167,659796,501571,662113,727186,916474,279748,1027389,529967,627375,873259,193902,628823,415996,727675,961338,279605,857637,941780,717286,900589,448670,729366,844507,837917,355960,832060,934501,963088,6518,315079,290878,491838,327285,571115,1005433,581180,554890,833012,472727,774129,236378,329974,969920,424225,886675,895718,285413,228917,724023,608694,174585,37833,403268,31721,444622,656106,314887,803305,181992,164093,918259,149068,350216,767795,129442,706544,469211,1033503,566646,699898,822499,643694,244934,325042,577377,447017,500371,602158,974071,876250,649291,358965,230020,942406,360541,759360,901157,223274,752901,524441,1037452,728763,518968,291258,603723,499401,653151,274364,153683,631263,761923,648688,696525,712020,371703,682552,110768,849826,645085,25623,211441,404670,334816,699188,847229,1002724,623922,126505,426223,672721,1026410,109930,669438,718338,3689,466180,220411,31147,501309,1043726,1012211,860539,552135,859429,776993,727709,790272,843430,748821,677082,208579,967641,965536,984217,680547,718233,928666,183164,468665,362007,477591,951910,878781,630422,211382,282960,353614,848951,152237,688845,715383,428391,888698,1027698,605572,505870,382271,253876,107393,791502,94651,738736,227912,718840,275127,164358,717611,537408,155729,866521,857661,795890,733020,403832,885488,110613,172644,379829,339885,780706,409203,556947,489238,635972,562311,357694,777733,562752,106198,254015,64766,923250,165401,637967,304596,71723,266585,792038,674450,352216,833352,559581,814918,1024687,1040341,864226,594754,293942,993403,216866,253430,963223,917260,227263,37544,731320,240813,384830,316083,928271,591068,364380,434246,897403,541655,628498,354283,266524,201255,766101,24691,61119,691171,272660,806892,266526,896278,486631,240652,661022,401152,528816,784090,978402,240553,175568,96197,530749,682637,746046,955766,790338,594903,36840,563852,569287,938807,671863,844868,611090,249040,302090,1023346,84029,587673,49785,794072,249755,19940,127378,984459,500220,746193,500436,725196,579331,849609,270898,665684,433210,136427,699645,274542,222322,187421,878275,1046366,997994,453427,237893,512805,55709,650069,89641,681535,471959,1005847,699886,23854,526296,223334,334579,685916,965108,733852,220815,971649,511919,603132,840319,75835,5478,386732,264920,578998,621861,98636,1023456,191861,875320,45837,75218,324084,542052,140121,114731,597499,249063,825575,346241,256624,109753,875966,91237,1024622,944965,1014116,1039370,558745,168264,866642,914823,403206,351220,629294,536202,616987,192603,730588,463629,201821,728518,331625,456986,203582,540661,908246,437214,522219,443081,437320,988856,576662,450109,416723,965309,225180,785906,315987,398600,819566,541219,297594,942113,718292,922751,267326,112769,995915,54088,428041,982607,616073,161451,914253,403054,450737,315905,874131,519569,546061,650884,208200,608801,277956,519603,633710,310642,124996,84692,1032146,675917,383444,134063,152689,752846,1047376,463562,70232,362541,686676,5609,287202,473018,788346,402872,1045457,157647,1022036,589324,945342,824899,648749,102568,263673,18594,298677,173585,340456,998078,155738,852142,382587,532944,252924,482196,367286,45257,498406,686442,612934,663853,729240,448915,435466,101346,750791,743823,914702,440850,301883,268740,132990,636629,461823,344900,979532,937793,797616,681317,736549,775710,687576,523567,699148,672752,838887,621624,206914,554698,484173,694920,859776,26750,922270,793322,442154,432,991413,634856,439840,594440,151949,153453,377166,1027601,559174,227893,209507,979190,962710,693444,195816,437443,169299,780638,282756,839291,493991,793569,652320,683921,397964,533293,117882,690672,139268,388306,1029417,473738,849473,759280,532303,518359,
442892
print_line,1399
494163,848876,1035947,260827,347460,992806,209452,497360,970442,683806,662839,52848,314769,547391,313547,824791,280527,905618,60737,653233,911990,873540,183789,421587,159414,8363,165786,237415,873339,279052,801980,946020,680359,301829,920932,100718,503949,857213,248007,793394,287042,181099,862968,933383,154744,826041,219128,990656,477972,592008,150396,86099,618408,293508,124961,225261,840083,864831,824875,293630,913498,887768,794581,983538,25183,574306,171120,829925,555142,607368,113184,43530,190413,559167,609424,946332,923893,558397,566797,893876,1020329,767560,31436,932401,623767,218106,275246,641644,121422,432372,1005033,156617,67077,501673,159797,177279,766580,274423,445172,336019,649442,757316,815763,341772,502619,619456,55697,290852,442511,756649,90923,733858,830191,606943,117953,247151,448513,643508,306275,104309,710849,219396,451262,889321,254197,447505,482746,154047,92492,491149,655378,977841,694192,271015,509478,760786,50514,938298,441854,346974,327862,1041172,927267,26394,907635,181629,207268,569752,683668,853351,167515,316322,497168,719806,985088,586499,812683,26408,725739,662558,570346,50659,955082,630498,412602,734745,1000835,798147,208536,339875,487581,409423,456893,943063,488634,718855,352657,788018,341350,849338,805213,285495,537999,158325,504444,891584,375998,195138,688263,966948,646671,138725,358167,209916,248107,404894,546186,762217,725456,782145,370166,124773,877585,530480,409538,645593,37504,1006962,662485,46613,178980,915336,93321,760777,500944,1000101,70924,568699,396210,417205,499456,813382,798540,932632,940070,274465,382176,795641,770203,245698,1002189,45107,273522,973046,664410,426905,355897,652250,963479,518310,466975,925447,934000,276073,131779,878200,718995,109929,488537,613674,376074,219661,183714,837832,359642,953590,51765,627194,454398,592818,376463,671570,297173,1039400,815899,890082,596501,875369,933079,878832,972192,22188,565732,961148,504073,557732,927832,927420,962227,962139,474167,872948,864813,802308,315792,993462,367835,214790,616456,905121,632752,952491,595005,688437,701003,189630,357070,148687,713745,922624,534983,220369,834585,787809,562522,474419,10057,658707,161093,65142,900570,988691,268775,382372,1039797,963481,75354,380447,570435,263829,764036,231080,68007,330579,139781,42621,650493,200839,71539,853213,839631,588966,903394,776349,40518,509634,729851,530071,581927,1026958,207795,713483,3741,728982,448958,138041,253162,106423,647845,533233,874375,444342,735007,304932,786488,990066,304319,803996,520719,383340,1018022,161115,199813,330589,101735,487446,858114,483185,857625,812903,22857,541245,360790,635236,781068,802611,491382,973122,182689,490278,70382,211959,860936,424466,434687,216947,943187,784720,6282,88335,341380,489288,806097,475383,668970,224635,894810,619272,83163,328580,183956,975394,255144,333968,34342,200,264675,159910,903323,1010983,552378,214493,623636,57207,828928,176074,931315,42875,814431,399310,799147,175921,888999,37443,971124,218887,186892,873539,218570,468752,267957,1011806,747720,288581,382948,313773,38826,148766,825525,622996,186059,174424,226688,134904,930133,444180,199907,300211,413515,412627,228108,929984,167519,146184,216384,692542,562489,775395,866353,185860,465379,897424,1037451,564338,737852,150278,654790,184319,61861,766777,51108,680688,229133,354199,269230,794820,121523,351321,792729,512789,844049,399390,694754,223996,914212,1034860,352941,530342,25904,628985,376024,1029744,1018898,607946,199573,196481,735227,445309,131004,89444,611502,961961,742700,497942,279693,15163,453580,104690,328821,138378,784796,523440,930730,852852,589478,9799,1018024,68272,366912,432177,644565,253748,443671,473472,22498,252310,946710,230165,695923,842023,976737,389230,775007,609758,1023716,739949,440699,669274,303559,608287,706022,84776,587772,384445,349383,471945,1029715,175154,270101,849490,778271,864946,485985,6189,579815,67026,426497,841418,466745,200813,355180,45097,485357,43890,1005164,1000699,385668,905254,254137,612621,477343,22638,831451,869534,1041344,17172,694529,684268,282522,886768,572963,973970,607384,781708,693516,646899,1025402,1026125,485018,9321,868855,825734,88763,646119,141010,610396,274627,624029,317863,694957,702915,85088,962818,439442,909720,877046,475257,196232,67055,935306,278086,922039,1032916,386149,854653,265008,325811,140158,412733,639313,1028364,1003877,73411,1019066,993884,348532,354346,776108,719487,640890,146211,1034558,207418,712075,705741,894029,770595,91999,1000863,984474,968285,120989,506426,612742,1010778,702902,62379,580436,815025,889949,546748,109144,536156,64199,263633,386038,284527,457398,355549,968291,226621,426165,262926,558797,201962,501565,86996,1017478,811854,63019,33198,210254,956085,60103,689217,580809,602436,156262,965001,894737,66654,867097,958436,776803,869101,748626,240304,171450,577957,410871,211372,85861,950080,630594,957184,984892,824481,128913,590837,407480,696964,265087,17835,36506,668090,814391,390482,644694,93801,109915,703467,1026247,849645,165139,1012302,803269,680150,549382,456317,245201,1033266,955294,911270,667159,778125,1007480,823306,912390,43160,1016281,601572,667576,790755,931131,754271,274329,138774,65558,732460,1006539,461215,895027,902018,860320,787794,952065,550425,573937,739449,491101,584249,135530,946478,724491,933805,43796,599321,582390,649088,349367,173584,729097,823922,1016614,710950,959940,175994,969647,247982,704258,279441,479655,638302,282951,407604,627121,885174,256622,562100,126740,683799,471099,84998,933689,1037733,466191,288851,98786,959316,117392,1014055,899533,3580,462598,332239,790156,627443,827256,604849,1045422,253165,862606,360309,420594,294553,589394,233924,62109,547930,803186,65471,847631,757445,356780,290105,907725,816665,36711,634571,399447,995291,140580,380616,418145,727398,760139,717521,437207,136930,740108,99039,970306,272437,1044102,415746,787557,335239,543101,82252,595826,85425,553943,866584,180760,736562,381974,471551,702729,262145,602421,44653,1040353,220965,47171,447549,64291,950387,287345,560808,723334,340398,35820,360437,507362,388229,251898,402610,812774,778554,926792,454367,710501,560741,75998,417376,321769,856065,521148,47563,790510,41141,868675,237508,18751,444244,145013,888051,206214,804785,473191,32968,931359,103973,8385,383865,587330,792727,868759,1040303,997721,784478,286007,949673,1024171,774433,879467,195170,647859,117606,450680,406563,926478,396864,132374,585596,824563,175678,945452,554215,782657,321257,38897,327223,815571,294425,946300,207110,851704,522288,992565,17022,380807,830546,269476,150155,616257,617106,987840,293336,340582,972510,240174,13934,735018,1027381,595531,398984,188528,205445,517140,461563,827013,739977,974423,472536,572498,504736,527515,855975,6317,892965,830608,529610,424329,428565,42080,1026291,920222,586794,702429,63922,407224,1039025,38753,100121,632629,646918,187884,385221,863008,505107,655339,725605,151939,324478,274577,32144,957060,567965,869018,1040884,612596,867732,767179,364118,1018164,438123,303472,103337,378975,261203,816217,286777,315941,671938,474252,589454,254897,838754,612988,555111,1023522,158928,59810,733829,690082,43761,239804,133848,136705,692129,421457,649230,641618,649854,593705,788607,101047,847069,161225,599642,478778,260454,973941,225753,151513,673028,102314,200748,713091,949963,1006991,826871,588954,220319,109110,552911,414788,257895,159092,402224,352955,883575,300358,150626,886349,223093,742008,904226,626752,1032566,895930,275175,301690,602295,1016719,771387,1031195,776367,642133,247851,979008,276094,472333,954827,207713,786372,427142,317209,546042,141039,875448,835283,470237,92470,441492,543701,811266,1044365,951540,285534,840857,165745,36302,948255,353883,47953,953145,1038824,397734,438600,423039,162575,753521,420754,60404,767162,729618,72108,367286,299688,12506,901925,182301,291881,974891,370687,664207,535085,691627,1025637,613551,604717,628555,11938,648613,668435,659268,578195,365382,373029,551983,641052,228403,536767,34824,623485,209476,942969,856452,785297,217957,69033,926941,670219,468730,535444,738389,139751,255482,838246,141771,938682,592782,140703,739406,857147,282581,786013,524834,404693,402329,965701,19483,10358,733395,565272,213183,177837,239878,158047,195966,888073,892800,639494,1033167,314046,935749,479062,288047,181622,289448,848032,153697,260021,295835,324285,384687,970348,789292,597969,556878,112227,94610,350708,32133,355524,230648,824213,132275,777922,453726,919911,217413,18749,354374,732013,480158,306727,386954,957427,141189,740669,419356,756184,551964,979741,539161,795528,644184,714703,382421,861234,193805,388772,776821,999846,561999,241272,159669,484411,434410,668748,218077,681569,181402,812243,745837,377827,744286,471825,15647,341966,66459,510425,532119,937762,361837,891525,973635,393599,872215,670285,782167,460543,766135,950409,306889,310852,827037,599477,767538,228534,1046598,660713,596001,29543,163002,989118,699364,374471,284878,150130,520103,965116,233684,609145,1004681,33446,909162,925785,699896,876228,606580,759492,169280,674292,361691,1045926,236828,131783,429907,423160,530031,340141,102190,847204,124103,616410,443051,988052,412714,17914,389614,607624,977730,48379,431759,745074,928146,303831,253990,783847,777316,60200,679008,784123,613444,817551,817301,580925,67430,56941,52268,412403,838655,962174,818694,422162,551,719226,482039,722705,208235,1390,868280,723416,163043,386324,533797,147149,466386,367945,758194,783939,223893,389729,909363,752840,555539,45984,287969,262379,501182,666324,398855,310279,874221,53170,419755,294009,243123,301005,747596,172933,759499,629804,988318,449904,492310,427327,881126,707832,367254,242035,549536,382081,171206,896569,688355,124786,239844,398170,598197,620510,915727,933098,736867,406473,304780,842554,135976,598399,859146,177408,467320,898204,8209,886751,
494163
stzncpy,7
47298,648339,457947,662727,76639,201784,669132,
47298
idle_string,272
187160,171822,63714,183376,481319,543317,309285,578746,109358,606145,540494,241982,161755,175269,700040,359301,600933,624184,513517,905769,409681,277207,952038,866426,433422,770517,439512,79985,282544,964806,51079,821209,806655,268083,155801,217856,525788,235872,302442,442070,477718,661205,127934,469921,996445,344486,661682,650961,513936,691358,1044321,186644,355703,950783,476239,345433,508288,822611,699253,1046700,630107,646070,459730,662976,118924,594829,166397,636203,155414,131669,882688,537035,435165,978623,555027,732964,270782,379773,578914,655604,299931,812508,983330,988429,938545,721823,548626,66482,521353,21058,973276,164364,35905,925996,538310,264082,734881,255994,428149,759804,267371,42200,643334,751212,105211,143916,477717,225395,852417,79866,635839,131817,371963,991779,583659,69656,87483,618451,220539,846929,44782,355662,250550,1036122,683872,396543,411361,593279,916171,534862,190915,253709,716374,1009216,144673,214088,749838,711955,102232,6204,766913,8664,931107,913024,89850,201381,1003828,559164,278676,559964,278797,612804,295226,980448,975684,134987,340823,823721,745594,1022056,38903,67634,629953,665781,98026,283402,951221,356883,123814,595330,226831,744944,873968,791008,159682,357856,939350,192740,3713,380780,1035691,478563,511813,87633,75625,686549,364705,870110,903007,761084,328454,212699,495855,739956,215386,601307,736343,92262,866740,835207,862859,196245,856099,369085,630321,724644,151958,129429,294208,98805,941546,712095,731407,828894,984253,443361,40131,977524,657386,558184,379628,149332,123021,130824,99570,926823,929742,621855,346124,113570,1017699,31762,147962,905484,258745,1044481,649346,121383,423998,141020,481837,516109,609609,975577,491562,188960,597503,469940,181433,502238,741941,29975,643380,66502,403566,542371,226789,199831,99293,743557,167404,2964,104663,461796,799753,726275,413602,835830,907610,27209,61279,99428,
187160
c_isascii,2
579485,75891,
579485
c_isalnum,5
426091,221057,703389,309826,696926,
426091
c_isalpha,2
45574,687082,
45574
c_isblank,2
941221,479524,
941221
c_iscntrl,2
60515,582232,
60515
c_isdigit,2
601159,657305,
601159
c_islower,2
931579,999846,
931579
c_isgraph,2
866992,778343,
866992
c_isprint,2
970857,263495,
970857
c_ispunct,8
192634,1003730,359948,1010057,694345,981069,779564,842585,
192634
c_isspace,6
109660,1032734,639529,1000134,312790,497419,
109660
c_isupper,2
114483,467178,
114483
c_isxdigit,5
672759,545325,15993,236725,947812,
672759
c_tolower,3
416623,683943,1010948,
416623
c_toupper,3
661947,786266,930535,
661947
canon_host_r,11
710847,419151,429820,920605,840751,270756,528920,844306,997088,934863,373768,
710847
close_stdout,9
575767,315257,282671,442040,790772,359380,264001,694981,637624,
575767
hard_locale,5
680819,824656,146553,926808,315354,
680819
imaxtostr,7
460200,334749,1025262,176531,702953,423989,722882,
460200
set_program_name,10
606497,523994,74338,740059,1021422,916320,87951,214465,559071,43851,
606497
clone_quoting_options,3
662058,495250,279895,
662058
get_quoting_style,3
408584,594777,438678,
408584
set_quoting_style,3
21197,405602,27139,
21197
set_char_quoting,3
850692,613225,119385,
850692
set_quoting_flags,2
464412,55905,
464412
set_custom_quoting,5
1008517,868727,120294,412012,465029,
1008517
quotearg_buffer,3
55498,903486,163929,
55498
quotearg_buffer_restyled,230
408272,1020219,666617,435397,492196,932443,888633,931516,39529,421997,18493,560012,606029,494752,61110,337047,179637,904794,82449,28945,846398,482678,901160,486454,68709,51936,693885,570724,178883,712278,675583,709377,309439,652899,857211,966534,594656,292912,766254,339354,639242,922166,1003239,535889,461215,373541,200340,943443,599937,901668,181034,15029,171686,174354,38732,724327,904999,962525,1042232,993209,649430,543094,352516,310974,985727,312450,983692,893875,635422,1044742,533362,303553,269835,200871,667341,718363,463679,69391,650842,720074,544432,706178,311428,586351,571130,572429,254435,445701,44908,787762,792078,980446,670430,1023377,381626,860689,678824,357031,21192,888527,477323,648239,239786,207454,691938,996944,404190,642621,930075,298741,263722,140608,629146,884223,392445,194085,87978,552952,887690,612458,707046,966492,441065,88705,129384,585691,498300,287077,175363,729209,846898,389001,717043,214064,653783,38633,338774,374914,517087,53828,851065,1039578,317243,379660,400804,11838,983588,85427,294217,159637,77439,211679,154820,147476,1637,269802,840824,104916,538885,602097,544870,90240,1014776,83362,475160,159842,441269,968812,958115,219420,269017,763878,750028,170757,304796,131450,338215,280973,397359,564832,607334,376542,47620,596117,364490,916911,256184,694774,452433,197973,589810,558319,551115,183864,155051,772417,424796,762413,397161,429576,76915,346583,930125,290736,858313,42635,818134,278997,391671,220571,162982,260532,44795,11619,284323,155031,739106,694339,494396,954638,425209,703681,549653,515440,396963,439471,680423,99148,674373,118598,
408272
gettext_quote,6
551962,271360,775245,863149,902198,525199,
551962
quotearg_alloc_mem,5
717909,473599,114406,111735,676475,
717909
quotearg_free,8
22739,202634,1033541,232655,787129,377194,1027111,975612,
22739
quotearg_n_options,11
324928,562319,59490,1030431,450639,473554,607631,65005,409776,752258,96071,
324928
quoting_options_from_style,2
498306,720956,
498306
version_etc_arn,14
893113,979363,492599,600808,57267,237995,144812,135384,202433,719820,324809,535078,475762,1013406,
893113
version_etc_ar,4
465774,800992,336701,81885,
465774
version_etc_va,8
987495,835642,294415,35308,713697,9018,913707,134993,
987495
xnmalloc,2
809859,218433,
809859
xmalloc,3
252644,162538,869049,
252644
xnrealloc,2
1028730,646734,
1028730
xrealloc,6
986474,744732,581839,798602,429799,787840,
986474
x2nrealloc,7
331278,119080,842912,87766,117409,196032,10253,
331278
xcalloc,2
194901,173679,
194901
extract_trimmed_name,7
52446,378712,885118,787749,529123,50292,607791,
52446
read_utmp,158
921358,847841,607235,728464,227441,1004591,941002,228101,992552,177683,29149,234664,649370,985872,1032174,32656,223382,572075,767528,506685,127885,184088,613617,86417,692737,880281,278326,490209,830156,578782,972592,670135,443359,978016,445598,108705,898826,593795,704982,1021460,944313,22454,919535,53184,940169,466294,194829,1011584,281488,800500,328575,251994,153422,642693,477425,158972,420167,547227,694090,992243,183802,401292,497815,1016821,256750,457813,629375,764150,507020,592626,973845,309033,933025,636563,408095,115646,990192,970530,881240,170158,658944,674739,289203,1022541,748581,732093,269614,1019286,848810,732603,138928,800228,316613,519975,612381,238691,269529,462493,255167,306379,1003049,629022,1031023,378152,158431,1039588,910429,377904,464846,327743,539437,251400,431288,319122,101775,641628,615398,280337,821808,380528,720668,229022,114204,760988,456230,607701,606590,756057,524419,675759,652104,682443,490886,816773,572693,195781,520265,827308,1031730,164943,579876,386475,583169,127194,120559,685207,23188,991591,233279,778193,908513,2182,350203,1014671,320635,772742,903682,1038402,
921358
desirable_utmp_entry,13
204598,497288,919973,49245,452993,408661,752048,443669,63677,992187,226766,747238,40744,
204598
c_strcasecmp,7
399336,582045,334126,506183,63225,965333,272167,
399336
close_stream,704
104731,7447,819106,420189,896967,248088,273507,622558,418154,210102,362482,738267,327066,197670,913963,613573,102089,826897,23560,755404,562311,995685,950243,101493,542987,271445,855823,725558,762629,378136,344490,598134,564154,319200,574966,459667,1029520,924519,976444,202433,289032,327748,435015,230593,927960,777085,551864,670454,703100,655157,1015682,318192,473025,879238,171572,871749,506974,556885,155652,42482,347632,258911,97636,966939,870444,1030226,639769,785601,493978,465111,649359,77579,439206,1171,373367,629895,863221,571920,769595,713017,15227,380438,994510,719214,733727,56887,424034,442268,768931,409523,487093,814721,879648,214020,828348,143555,573129,449996,641456,958976,256385,661119,101754,495084,498251,964407,895449,238506,20042,278612,330988,643390,946160,374605,165446,865649,252293,53674,533003,176156,404789,968022,822540,978183,610479,642396,630387,797009,282022,18437,408044,869299,313702,1014385,423156,829384,233953,31032,906783,850499,168859,361578,681531,278643,233050,362445,132590,252856,57565,244421,360632,260091,774060,602503,251762,52378,848746,171293,523968,396678,747016,349537,942291,277322,821059,432002,546973,727701,983216,904724,686054,607025,322484,967926,179678,554895,26576,757724,458249,920149,508213,363848,995669,279067,324601,68136,43743,448305,404903,164103,683684,462699,574854,630553,158317,215261,805701,673141,622083,634528,38849,908764,329250,448819,676149,270159,283345,1021518,904706,842727,57045,680978,588522,566965,209177,60137,855582,330618,228819,870409,343783,167650,824851,436752,744088,695428,240316,615304,633375,990867,286611,42002,971330,229873,103481,7966,143699,25817,316209,600955,693472,812854,575639,714050,513277,1002990,658770,893506,369036,733098,126510,919781,916681,190184,359591,196035,1038948,938276,339897,726449,211516,604486,677279,403235,524220,470256,828822,920940,238484,881242,853689,602563,1037592,361496,47439,133511,720232,80666,138838,346674,571658,265212,109815,257,200126,946375,910201,849300,992626,179554,201589,250445,2487,222180,815012,804383,337208,689999,158596,795323,523180,363961,144908,235447,326905,80448,728067,401739,662004,871879,144197,766535,648705,928429,49639,117448,319722,957624,646095,553589,559497,452919,964931,969542,430002,1006800,371955,7029,84142,779386,562058,706600,329669,297835,760144,900189,436886,510053,110616,931602,175288,66242,566010,519327,1008730,783933,98397,355417,9029,355254,456101,1040238,511401,197653,932734,114059,970506,606689,253574,89516,327579,735941,266830,854042,696035,1045033,367588,996548,489835,452430,226305,433440,746792,636175,68994,165518,550564,822549,944243,44677,788736,695263,29254,986738,788860,893082,957082,114824,269500,607088,428114,735068,625491,747496,88481,64284,833308,984965,354206,333075,265144,61080,455528,828949,926904,14947,111492,236545,210480,209565,727640,127602,1033397,326359,987119,433519,837016,377338,670504,968997,545172,855276,685383,345072,1027287,146249,828488,170148,337844,103761,107365,480075,1031880,139775,1015124,154065,1044141,119809,4011,528236,1019520,689074,948338,564165,307153,513993,156631,310324,802905,793744,510296,232598,908575,138233,817289,895308,292380,539089,346452,429748,722606,19548,889234,1019173,779972,364441,663574,747553,949446,387583,503680,457817,770122,988202,3010,721604,264540,556277,22449,748761,242639,1044113,661665,381211,580300,232120,1003111,831465,638268,792656,91890,318318,158261,461628,352894,983131,226440,453172,673182,402066,554602,240312,275547,185219,794293,506518,394984,194038,650857,733956,817481,550709,598604,883451,789689,428118,871127,804853,691631,1011915,919371,274957,246118,819026,76086,852151,124342,888913,309590,946158,960730,346418,994130,881380,44191,25958,266001,180767,769911,360519,455623,690989,518378,254337,206538,878671,477619,901974,279209,11782,530922,238388,338656,260466,370372,905989,785079,357385,31152,34274,763641,356383,40884,615857,944559,643494,665381,175252,252461,15453,8128,400253,421268,1048090,320785,690110,946734,228535,207698,259136,423456,530587,735937,1044299,92983,562656,932618,894319,671971,757730,927622,1028607,397182,764823,4382,708562,878013,468100,896414,505197,474999,41932,982186,664351,781509,549762,772770,437760,738359,726256,129390,122004,576817,524202,5352,365476,100,839393,295084,539291,828674,688573,570270,674244,231764,1002795,738168,319982,666328,691064,825007,103457,415372,758817,349443,738475,290010,682410,456230,71758,660004,573,102200,616005,116163,391634,266457,717701,389365,343710,677474,868351,412082,779189,810264,507730,876924,771288,828858,699077,597210,837615,537226,496921,934682,616825,874241,482489,938785,57483,15473,73590,24941,822946,135020,750245,515583,547322,1046025,930825,836299,447136,935674,899711,94152,477782,473831,1002023,347675,303996,201265,166351,544949,721081,709341,425954,53829,110452,754140,766812,918781,957919,747390,842809,
104731
locale_charset,12
639184,529186,103894,508721,360634,142666,784557,518463,393134,779315,590502,946992,
639184
get_charset_aliases,44
693569,804744,719125,438873,697206,101606,615020,401367,791554,997054,64077,317346,47281,555911,545636,49915,262086,583013,405060,242369,941370,854790,954303,434893,751615,176240,850314,224329,541672,486803,185991,229362,342802,380712,785686,801553,967057,137718,815350,521489,955984,285506,142740,606741,
693569
rpl_fclose,708
241499,723146,581688,875567,716308,623777,830785,83322,984523,573474,793652,221110,744117,410206,1016452,522694,13341,636866,101197,470943,671562,222347,422900,154462,526709,61568,774324,972846,789295,308146,302849,966548,1028105,911219,1018696,898231,379731,46878,377671,112902,929276,127591,457149,76313,386338,955040,166725,1005377,379275,226981,153031,991078,148639,286818,190720,382115,574191,726445,561568,180632,138642,588518,960109,451622,364764,640204,755239,1981,572086,381613,688520,834226,224859,196899,266278,685757,464628,710288,771019,666970,791937,605002,841304,353903,895783,79044,450668,749862,376790,413378,275716,1047989,276259,67931,823035,85909,993500,16420,249319,102467,57263,632253,46206,134883,231724,17489,598822,199209,726603,873784,1002042,18882,602029,684618,405626,947874,968597,970822,865090,389224,605391,555678,423616,1030719,1022028,602706,767044,873884,656892,123269,248436,476832,554118,134685,456208,418870,930623,168661,680861,407308,1006731,581232,583027,1045697,916467,205286,142958,284785,32621,19133,943380,501852,363976,82515,821317,650575,451262,456096,589771,177057,573607,573991,15885,365066,229671,537335,822202,949902,661125,133864,473665,164763,967670,910641,25500,966529,421465,267097,302144,485857,1016362,656290,1013804,927592,541459,11645,797320,891476,797268,176704,792663,373300,586601,602902,223985,371985,14800,981761,537317,606382,873657,1045324,794436,290240,593189,317320,561602,502828,282443,988373,97338,698200,291483,92167,443586,859000,268001,891069,695397,556989,599678,577287,516354,212331,88694,256650,463912,298171,537660,535619,40312,201338,153215,322174,176565,40047,704896,888947,648873,971472,204832,923601,85821,375563,563535,556151,208649,912160,801322,161901,16345,705555,819282,893916,598629,108571,996359,423629,156793,657085,661798,275599,922151,183736,324941,604208,547585,13951,807114,737870,676105,112053,830038,657493,286299,658583,430663,769969,24789,979135,250766,691016,795955,68066,564260,911661,603802,815677,510820,323520,690597,696641,867710,376923,323163,193654,842250,323704,541063,95547,149130,248536,982346,89622,440232,193134,346670,154937,259233,9729,839343,107749,39478,174071,823223,637288,228251,676711,901462,606613,130899,375371,640947,643375,13593,434001,856487,437377,973204,427931,881068,671629,902468,222765,17521,1048472,580550,625991,905576,24525,873894,723529,1000277,529195,723779,624180,973771,617015,546998,534442,620583,712941,909606,325478,511146,637199,808530,1018269,424482,636560,407440,655957,459398,111722,15601,522341,131927,788741,477062,759563,415646,276096,660338,935831,744678,135930,735980,436177,1016284,104623,145488,619493,813670,270372,425301,181788,329545,1016548,703674,1026128,379043,503319,905370,213250,438820,856388,944838,861724,786964,952089,64880,1004638,543186,335733,827838,598060,426768,224753,992300,108065,755877,966853,343184,313495,863523,245262,302310,274253,125359,1043780,923272,62927,646068,585027,725684,972336,608970,36548,622040,1033727,567052,316814,431738,666282,152479,461718,206175,328640,812327,393459,558183,922421,159257,22156,260437,169708,237721,648276,29015,177980,927469,208669,115768,937311,402400,368955,599414,30586,153193,491393,60050,192545,99048,967230,58228,309557,736332,22190,6960,731620,193120,321369,294799,502630,404697,861624,606548,762518,846414,833660,777806,841765,612869,269088,774881,1029190,4132,711960,653938,746924,111461,474807,565565,375031,869922,219471,254757,16140,876615,438880,237360,522347,721478,540424,351746,336900,798745,132641,1000458,679138,667788,372381,911269,741596,673749,293654,551394,104026,1001732,551137,883223,768110,651169,949126,359848,376280,429722,901605,88607,1031725,726525,624890,44228,453640,324791,302287,844239,792830,922572,1308,224494,212904,77673,946632,660559,928637,158008,567853,185292,199621,977695,669522,523729,171614,58582,631570,550510,937292,910408,794464,716554,860901,130901,28223,353095,826277,729752,6996,861001,602631,351533,154083,1030099,481652,878148,365748,902066,372114,558251,300584,628182,144985,525510,514264,330592,208942,253944,535594,405824,78823,196210,781524,622644,34091,505399,1043666,412962,394364,292056,227831,976947,256199,799798,417782,760463,392443,941177,1006374,230453,647565,326565,820858,782730,629423,26698,648860,245451,137384,648276,153720,3197,268260,671555,411044,217948,589285,652689,235465,528214,413055,673567,509982,918398,915692,153958,878261,566999,52953,324004,43411,474032,37889,994264,464989,89667,1028816,891383,633676,89013,230727,521628,400126,158358,230030,917078,1024314,906138,420679,286982,277153,715137,91307,747616,270574,177200,31025,561714,738880,884231,153858,193776,46691,143224,903165,304464,806855,389136,528970,574569,924805,252271,402022,338406,485482,12661,926795,768937,257776,392281,293791,244108,667771,950232,721420,947710,179419,504904,965391,673767,1017371,1041637,892867,820501,625583,214433,860952,971444,43209,
241499
rpl_fflush,703
628312,300750,313702,678852,13034,613340,997964,324654,429150,704448,271013,365282,152254,943987,657805,948223,703249,764988,680566,786982,990932,331826,933882,882771,825426,515532,820099,533309,9896,1047477,367340,905243,98946,1038964,1016920,424537,80541,851022,364267,280304,175284,188980,628075,919162,102433,257097,816611,491786,735420,646494,210969,614465,778818,257358,53552,235627,284923,175645,98321,502395,964294,670528,873257,599311,595913,215289,219684,49817,198090,44435,844838,480480,704670,994184,702356,1003745,158920,301827,739436,543702,49791,45080,540170,219401,402073,989904,543899,279521,29357,1002984,673133,301211,535275,815654,455601,512909,21195,774868,652887,251051,209530,204720,614187,953423,709371,326681,817410,117405,182354,530245,195263,94772,552567,777824,815333,163264,172678,729718,852226,381833,493821,846949,287830,566765,848837,59564,43012,211982,1023976,752458,970106,767022,235131,881074,34153,551802,922846,790630,265953,632286,357253,61738,846187,995845,214951,563745,566874,230691,730355,840786,277521,243908,694187,313893,294782,1026354,589453,3725,313236,160076,650721,664670,1006013,971024,958550,403725,58670,339288,633596,664421,550784,531837,681715,478726,486556,474564,314047,257721,986019,959277,943404,34913,962060,706356,1027382,426882,964401,621252,445706,543917,690204,1020964,60563,227160,410280,893999,452287,258607,254538,912851,238590,762935,201301,751956,387013,530693,217202,1032893,733192,275771,349338,400004,1532,118821,575000,489415,274254,968005,539386,73986,918683,955041,59185,365075,102259,887273,762042,204647,897314,1019644,306564,188752,664259,7797,779567,32893,686463,736985,878717,489450,694331,383998,566849,122795,912113,839325,554348,750920,87683,325100,840501,468349,297353,175461,210243,59895,993058,263796,1032539,926919,480455,17603,697170,156258,478665,603528,839353,748979,180060,215624,540775,246301,719414,996590,896689,550878,544026,314796,288429,977474,952413,1037685,555728,831320,613953,77515,273889,591411,833914,648104,365782,1010595,718888,53854,747870,725836,515179,346322,404458,758119,127435,75989,110874,346051,158249,578239,95987,385264,817074,773617,421871,119500,117246,959381,594888,491541,455982,75072,186354,463069,366704,868634,532991,228990,644441,817858,404908,954786,354604,1043860,485939,623241,5779,460202,70861,536736,916003,900256,562117,701909,34702,175719,359974,961766,947521,615495,395299,278230,888474,593211,613127,348325,438165,880974,280676,109690,1005498,754990,367339,1031475,576654,651170,788555,324455,619257,539212,999037,664363,38967,340333,1031068,635022,735433,256311,1009616,320481,837605,461071,852476,157461,654616,606965,535635,993704,719514,894245,735485,641422,822128,476538,88368,272287,720095,454981,470309,947152,260539,681427,728295,322200,912017,52664,648562,1021268,543244,156707,197674,509009,113778,393189,527856,660437,797308,535994,919844,876260,1026064,333635,574435,1048165,755558,700715,585291,822426,76562,234581,458806,344238,139731,684565,689850,794285,392598,244813,385672,1036137,400699,1045887,849425,636484,986777,481830,717507,604545,657724,868239,752784,966338,693293,15264,406978,123044,691103,745091,940093,369364,155488,226726,628687,681659,23230,536835,66694,872820,617172,790378,890911,783251,1033778,1025390,812766,755013,148798,792675,764435,1015321,927080,515103,958177,705186,178856,502348,311835,554629,716791,173756,877623,400660,861933,755330,570517,316881,177080,394220,122755,613456,497819,322803,304252,58115,360301,453449,112064,167193,998869,503213,596023,969832,603502,859786,366306,1027870,491894,625203,130954,768614,915189,680603,1027597,952675,721744,450124,178831,1042295,686856,460016,229595,868712,741407,469061,80082,315041,362587,973950,794865,270922,236786,737225,43851,149376,535874,735294,126,438383,1000771,565319,47968,1027549,827430,752163,782397,1041753,695555,386225,412770,421538,96417,665538,663687,838077,962790,648160,186605,372737,531481,539179,50833,235909,214182,437219,109160,527021,967013,302121,199328,149431,446443,75724,376149,598508,524785,124356,621467,273431,982400,414025,520831,248563,36453,1021393,642307,349324,919840,673222,873510,106467,312265,925338,591089,720805,860843,567898,1027301,772367,318570,250961,867433,1001051,1025334,986111,848852,151413,274826,1046274,178369,342253,804758,323735,678037,798663,792710,908908,601333,301690,438504,379785,283228,351322,559373,375394,18947,728379,579223,558614,51064,156715,309749,406766,878430,440598,947682,507139,303005,740389,158905,551545,784855,1001558,234886,524186,820297,81149,697948,992553,147796,796161,156383,229236,64609,273191,1036834,401366,7509,40040,865945,528346,196552,719137,48835,373727,1047690,243533,376036,614885,393819,664159,664238,106615,371298,914143,710881,826335,1003409,753358,111435,200299,199821,266046,916602,1016502,720432,643923,649034,1007842,897193,160425,218747,418356,435080,177249,201647,657064,821381,
628312
clear_ungetc_buffer_preserving_position,2
977325,755466,
977325
rpl_fseeko,6
951253,528760,763417,248562,100975,547516,
951253
