lava_get,4
1044781,876590,13442,466137,
1044781
usage,3
790796,237185,437393,
790796
emit_ancillary_info,3
1021790,192158,137162,
1021790
main,65
490943,907380,452302,204765,620012,168341,606380,288057,487441,1021634,186092,903609,955789,428478,783543,134344,935782,332255,132474,782696,809466,320127,947394,987092,313803,615921,121819,74804,299202,128403,20348,260080,255895,247063,80779,92280,932222,208939,1020593,168723,59030,785716,207023,209881,315227,540394,601032,243130,344233,196722,471377,266681,701410,137487,623076,959248,42279,862956,508332,755527,362546,110559,1047820,771931,843883,
490943
digest_check,220
768490,209079,621708,462216,535341,16830,718823,93825,308412,557464,377142,262710,835014,841391,605432,478446,903382,311943,549439,187134,810876,482218,263074,1014326,129626,586851,394649,994469,62939,739456,375406,993719,856852,706727,1031245,393920,49250,226092,403607,883811,715057,1040001,223071,242218,724603,954383,102425,281646,108036,268416,833659,884251,489900,146658,253610,378164,403980,1029797,306907,913062,156538,34368,669819,169664,255812,868561,51841,923805,766003,386672,3781,939704,85849,1034812,95789,375691,669592,511290,726074,20115,70459,1022782,544336,664042,919899,232801,766975,282865,1044856,197005,119825,344397,982756,31677,488066,593565,940469,680825,417207,697994,298430,163635,6149,869653,715603,94499,590780,576269,246007,136639,659740,244022,249399,987863,172563,955138,519501,487822,516698,528080,326983,1019153,12899,394147,106218,992980,212414,269015,64698,79845,845584,708255,56604,842160,456402,757028,944243,652572,225877,167472,528930,49477,300303,154582,526795,602263,220834,640313,409445,850742,755561,600656,238224,559794,202795,796196,839143,424494,115590,455872,813504,966189,271502,263201,991824,498218,624562,301462,254950,278312,539948,140895,871606,421386,95890,581005,886817,895156,7970,790691,175149,650028,290632,613922,764172,1003329,918166,586059,661038,679816,836127,617746,710865,784113,574108,670053,766562,500393,174421,554202,957973,145561,604603,520184,690490,973993,363671,103834,1007490,744795,365600,233704,637778,92205,799837,702216,106786,488223,530822,928455,
768490
digest_file,18
111256,650777,348460,500887,593983,840397,563379,1043170,759623,964781,733207,171544,417623,502807,619598,72605,187984,157206,
111256
print_filename,10
429418,843819,855200,934409,661165,522585,1015803,883098,8635,491851,
429418
split_3,29
665833,326127,328770,967710,73539,4622,734435,477783,435505,911063,244044,420308,823862,911705,260896,210180,301064,115008,935040,98012,110484,462960,951076,337402,255785,386100,584961,711101,12662,
665833
hex_digits,6
144169,929211,151711,890656,811533,300863,
144169
bsd_split_3,26
737123,1012180,207690,43676,204109,744982,799290,348042,641615,1036046,634263,91557,49805,4119,710758,722308,716329,550813,552016,420535,893950,297759,398309,57904,1006507,777132,
737123
filename_unescape,12
962056,329593,802326,824623,638694,863814,135691,181890,960541,395257,719367,402004,
962056
close_stdout,9
290242,60448,505283,840368,657693,382048,455098,875952,656451,
290242
md5_read_ctx,16
351664,8666,431274,87404,726546,470972,875872,539884,1009388,725325,415355,922565,745887,955499,374304,215878,
351664
set_uint32,4
306942,210946,145175,516172,
306942
md5_finish_ctx,11
56547,951696,699782,820164,439596,413198,831357,603778,616275,53355,25501,
56547
md5_process_block,4
667971,493777,22083,128693,
667971
md5_stream,24
462098,476823,69083,808223,788624,337586,5618,440435,649035,71522,998714,971624,429466,448451,7202,989805,762384,834518,546083,672140,793408,439378,81517,359847,
462098
md5_process_bytes,23
887948,384366,528393,407619,724240,360833,384639,152166,720116,929916,532274,503754,514630,27557,774370,278123,818773,403252,969904,207874,618367,328434,870770,
887948
fadvise,16
52878,418708,759933,487698,179513,109669,549899,594474,449206,441936,663262,614754,1008832,391267,138976,769290,
52878
fopen_safer,22
755772,126073,41829,682242,567524,428412,627374,896870,338981,880463,653494,824803,631187,902440,380957,962017,762576,555283,653286,1025747,980860,241081,
755772
set_program_name,10
379893,587663,379605,672542,866192,598273,616265,170390,26715,36799,
379893
clone_quoting_options,3
123346,545121,781032,
123346
get_quoting_style,3
948866,927876,224400,
948866
set_quoting_style,3
230747,978069,183038,
230747
set_char_quoting,3
594876,2229,449457,
594876
set_quoting_flags,2
596711,567140,
596711
set_custom_quoting,5
703678,364142,147447,555080,382981,
703678
quotearg_buffer,3
593220,596742,521475,
593220
quotearg_buffer_restyled,230
581108,389265,4428,764800,80139,625152,785528,251700,747656,219079,476531,775007,180954,73217,88696,556609,1045661,385374,881440,8171,267279,589853,777039,444861,408820,322647,389524,696287,368730,299598,315622,78654,753505,314221,565626,499372,955715,837136,882203,111722,897362,79223,483448,808788,496439,261028,916017,76193,803710,158740,712806,105089,698762,255547,127071,774836,801640,214167,580994,40115,34189,840919,640826,522576,258950,716721,290853,543125,715460,473428,117366,818388,5172,106943,1006934,615023,448201,942753,275902,436412,49494,458032,926367,281386,751254,387206,954502,739051,140997,497264,993052,91902,471078,433129,402833,233257,974098,792674,643871,396565,780298,166594,940790,597323,703063,132567,109723,1040216,210549,279207,245734,17133,155178,1023146,835291,97023,106330,204661,120686,31756,847996,422712,388792,489945,839122,164147,233041,207537,991087,138693,553242,296239,499334,658117,254309,395194,854196,1011449,183684,793754,173395,10511,90606,794655,400156,810920,120490,564396,559485,191269,863811,867524,355795,863844,234639,513709,518349,814470,742270,642073,445323,1047249,463002,137061,737007,787705,914795,173097,388474,761493,597389,1031148,750847,676117,309017,538392,674033,271577,51559,62370,736969,292232,408153,825202,453695,371165,764746,69670,102205,911559,1015403,116986,938440,729319,797201,729989,593188,40207,438975,749393,354953,895179,425720,538141,662061,939147,802499,221172,396120,633787,693604,630341,288846,190982,487382,571915,1012358,913459,334792,917428,804148,577166,815557,201859,700254,307847,102270,583499,560161,70361,
581108
gettext_quote,6
666281,841303,12219,1019566,60635,295289,
666281
quotearg_alloc_mem,5
647841,374279,622217,577924,363208,
647841
quotearg_free,8
619178,775384,856595,928583,285936,520658,127776,784851,
619178
quotearg_n_options,11
879889,987184,661694,999057,1001272,563536,846594,367816,343648,571297,381593,
879889
quoting_options_from_style,2
30048,997594,
30048
version_etc_arn,14
746193,35008,175561,279379,1041499,700619,928471,516102,135360,321601,731316,597800,816916,705343,
746193
version_etc_ar,4
598347,349095,731155,778433,
598347
version_etc_va,8
250424,1020886,950309,186751,277669,225061,1016974,916206,
250424
xnmalloc,2
163335,953753,
163335
xmalloc,3
396248,778640,216305,
396248
xnrealloc,2
241984,463263,
241984
xrealloc,6
805601,1029653,957035,402264,713015,798065,
805601
x2nrealloc,7
44388,436162,417602,377449,531173,933299,719717,
44388
xcalloc,2
340397,1048489,
340397
rpl_fclose,18
933542,468773,534849,797430,472443,568471,351370,988396,524878,338454,680202,627449,82288,665954,211716,177771,422805,1011302,
933542
rpl_fcntl,24
1023776,846191,173450,669576,978946,263776,966819,309000,423281,114794,186464,928256,398039,494864,703995,729922,169171,78263,893625,867441,308660,230668,684872,825348,
1023776
rpl_fflush,27
427541,565147,672315,1012187,502278,842623,916065,836893,2932,379281,614420,671976,280788,101408,393736,1025237,818324,386708,986636,463842,808794,598036,781860,712944,252934,632773,241796,
427541
clear_ungetc_buffer_preserving_position,2
741859,110242,
741859
rpl_fseeko,6
439668,721449,276680,958138,933260,1013707,
439668
c_strcasecmp,7
287962,606417,401633,223776,75917,109650,295488,
287962
close_stream,32
964863,874030,832040,530508,681452,996110,422001,438637,180745,112482,564022,78287,580116,215932,862894,1041213,500192,805711,83214,788569,46256,307104,568322,855389,423765,487654,433410,727009,720146,654717,405786,265070,
964863
locale_charset,12
465445,141059,309849,264749,617156,824362,269020,885969,550471,631997,890989,948832,
465445
get_charset_aliases,44
204796,48447,153751,467984,335724,119280,490096,1001679,955884,195578,360065,869113,358019,845843,762965,762991,252497,529767,76380,1025445,558219,9102,480180,58415,739670,563816,286964,961697,836888,845415,456487,470462,322693,66657,949404,811178,139676,458786,782485,1007344,771194,524739,906938,654566,
204796
c_isascii,2
148248,197951,
148248
c_isalnum,5
1011236,265144,620066,684427,375328,
1011236
c_isalpha,2
979942,218733,
979942
c_isblank,2
86285,907354,
86285
c_iscntrl,2
426221,567638,
426221
c_isdigit,2
639555,340245,
639555
c_islower,2
72674,696952,
72674
c_isgraph,2
44654,939038,
44654
c_isprint,2
944966,641600,
944966
c_ispunct,8
1031422,1027846,483356,304365,150645,614695,793115,479251,
1031422
c_isspace,6
559757,629641,259415,903056,937629,613867,
559757
c_isupper,2
255470,366260,
255470
c_isxdigit,5
175243,152529,543533,179665,620037,
175243
c_tolower,3
222469,928117,748671,
222469
c_toupper,3
472641,23153,607753,
472641
