archive.c:_bfd_ar_spacepad,2
577507,1388224,
archive.c:_bfd_ar_sizepad,4
388429,1779204,1130367,921435,
archive.c:_bfd_generic_mkarchive,2
1737205,229645,
archive.c:bfd_get_next_mapent,7
257478,1848153,1933366,92945,112004,1934273,558945,
archive.c:_bfd_look_for_bfd_in_cache,5
488282,661239,1205632,842077,1777995,
archive.c:_bfd_add_bfd_to_archive_cache,4
1793863,2092013,1506547,1507549,
archive.c:_bfd_generic_read_ar_hdr_mag,55
409364,1970784,1642828,1250860,1026142,230310,1540219,624388,497946,1153975,620552,1215316,1437097,1751180,1434685,513365,322975,2089627,353575,1623483,234164,867653,475233,1878691,1224909,216051,1770333,65573,544393,1956770,881178,1725975,759980,1072804,864633,396121,355777,776030,658663,1804190,1493083,1631882,1354456,179390,1417056,1780776,411991,1405235,1030898,188376,980022,897178,1848272,69658,133625,
archive.c:_bfd_append_relative_path,4
196204,1796937,695821,1428389,
archive.c:_bfd_get_elt_at_filepos,54
855939,914220,949375,1949164,401031,638345,681290,1173905,857015,1154524,1334808,703369,817706,1261946,1457395,291586,1341476,755747,434866,451157,1490669,1425305,610718,1653276,1427083,297254,1998798,98600,1403777,135727,1953730,980203,1633120,1391754,246557,806732,835262,1812035,636943,816561,2078808,631613,17286,602655,2090760,87931,1165697,1048240,706933,672500,88602,593566,1614117,272692,
archive.c:bfd_openr_next_archived_file,3
1676608,120782,105916,
archive.c:bfd_generic_openr_next_archived_file,7
1541568,1482609,1544265,785454,1326403,603179,555665,
archive.c:bfd_generic_archive_p,26
620334,166452,610245,1632800,1068467,281118,897593,209036,1154295,1126711,1797676,2015969,108868,339978,1522712,2022161,26656,754830,851479,764111,98818,470717,1447129,1999920,333206,1044025,
archive.c:bfd_slurp_armap,61
1603303,519709,110911,327067,1755330,1679517,343537,321735,627673,1017810,33923,1722902,71130,1985324,557997,438067,1895040,1776319,1817463,1542422,258311,1160475,1461982,1796865,470904,718994,108900,1985879,1970414,584366,709097,495407,1980209,415784,180809,1079009,985841,1040970,1624542,343174,1458207,503121,1406912,1747137,168748,1711433,1256785,1384830,284262,743211,1661668,904193,1964553,901028,588694,1490238,209218,1516857,288056,799152,1401195,
archive.c:do_slurp_bsd_armap,19
1334649,523121,1700671,325789,1272455,71800,440662,2024659,1431145,488740,465952,720440,216936,1052500,1465301,1429521,917372,1325126,662874,
archive.c:_bfd_slurp_extended_name_table,31
867622,1541221,2014826,878624,1226422,361383,1036849,315969,712993,668634,1548994,24885,739581,736854,1463148,1618471,1237905,1173041,947271,1000761,167131,1791704,92328,864118,543426,473662,1569535,876632,1440804,179520,916062,
archive.c:_bfd_construct_extended_name_table,99
1040420,763379,1212395,70823,1787192,1478148,1441934,1492265,278645,1741652,2030960,1250855,1426000,326774,1401309,1306359,1299651,460886,1683236,530898,769663,757868,1482371,323346,91521,416173,1181882,835769,164384,19098,308227,1910270,1298043,2022773,805714,160252,368414,1689824,1071102,1514651,1981017,1187952,1500700,1576478,1089112,1133626,823882,908066,1220750,908902,1290206,1504690,1987275,1412255,1013381,26697,663426,1962994,1141219,1732059,940746,1530519,1715279,1789402,1175120,768189,1670307,2026796,1273090,424504,74501,1086566,1665852,804901,297577,843099,1208343,905800,617900,1665347,1199203,64044,512112,235636,1335587,1974522,1111343,50863,1916345,1389962,1295573,1355094,412377,1233234,761792,726146,1137814,636201,783878,
archive.c:adjust_relative_path,69
1337977,1531979,1432401,82132,1226213,241877,18096,654933,1944215,1536932,436,1881727,65416,1516773,475163,1573455,225813,931337,1554452,1044327,914795,1202537,726502,208929,827629,1653863,1947433,1554647,263675,617315,1177768,454827,1101901,964643,302482,1242715,1198022,53016,108418,400938,2007806,1764112,1396087,1773785,98724,301449,387566,582921,45289,2048669,1459383,1565048,1542332,387627,1880009,489646,746215,1551598,1378214,1704913,1522179,656279,665486,1302061,689614,1058546,350658,612099,47354,
archive.c:_bfd_archive_bsd44_construct_extended_name_table,17
1446589,1788292,1620874,2092841,482505,206400,753691,2096628,1541174,552019,1375738,1999662,1293479,863575,49007,808153,741141,
archive.c:_bfd_generic_write_ar_hdr,2
1334679,936648,
archive.c:_bfd_bsd44_write_ar_hdr,19
1340185,607120,1509420,1178013,673630,76707,1368119,370131,1789579,1523797,1472036,1466932,971248,682330,375786,1539144,940980,1165404,1409924,
archive.c:bfd_generic_stat_arch_elt,13
1862144,868301,1212051,1294146,1409897,1148640,1542575,312195,706562,1023278,1492219,910719,1017883,
archive.c:bfd_dont_truncate_arname,14
983324,107795,332401,282498,1811640,1339971,979580,1995207,1489260,554593,255834,987747,552897,581024,
archive.c:bfd_bsd_truncate_arname,4
1317026,1218164,1685043,499294,
archive.c:bfd_gnu_truncate_arname,8
1198747,1120995,179190,1921869,1016532,1189838,1163403,112943,
archive.c:_bfd_write_archive_contents,103
908436,601198,1483506,827797,683978,906579,1274769,192161,90514,1289600,1676972,1428474,837090,1004992,168440,1322578,121474,441057,1008847,211209,1217664,1964694,426509,771646,1372860,786727,1078411,1549032,639210,1818842,1574808,1884527,870893,1204111,1497287,1475413,435956,1013081,1402659,1379489,1748821,1631048,187114,548430,1539801,1633974,1314390,616587,1649782,1967872,1138866,1667717,591937,340136,271222,575811,1788689,652973,1192636,704975,1471524,1652742,1663147,776894,1992876,168543,1993747,512261,322755,385976,474870,516870,1071495,45059,274094,802264,991832,337229,530032,1773605,1761737,1460346,1681257,49713,727852,500838,1397478,1369130,90399,538801,67071,12961,1698920,1616732,1464314,557556,1138182,690080,1893358,629147,1175484,1726781,50542,
archive.c:_bfd_compute_and_write_armap,65
847631,315796,505436,630346,1441771,868587,363914,157385,1364649,842220,2017854,697371,1162485,1679835,251513,1790873,1871320,388425,392384,798001,1250885,698355,1902338,439117,54155,1127412,1919764,524707,1600487,1777211,1837768,853994,1480449,1891540,164039,1609838,161826,932572,1066782,1136847,555875,1095795,1991891,1363585,1727892,1250076,417425,983293,1249337,1673557,1370071,731149,1397284,1498909,938258,1487852,705712,1872622,9845,2095678,85548,1109094,1255520,303697,772918,
archive.c:_bfd_bsd_write_armap,55
1821082,1066345,1577735,21648,733392,1518097,356889,610587,727108,1271414,261017,1974237,1859937,1365348,1540312,2043736,86951,1719322,1379406,547027,603725,139738,94629,1092973,1370757,1547372,1624199,904735,459912,1453466,214045,1167314,315827,1965683,433303,1710880,383530,1997643,503792,1299896,1260700,1409172,77423,77579,389686,440407,833943,904728,300054,747852,1188817,1770385,115046,2050506,567189,
archive.c:_bfd_archive_bsd_update_armap_timestamp,13
396236,2003367,518485,2022164,520973,29958,918430,471950,2013672,499265,1505361,1025952,1163277,
archive.c:_bfd_coff_write_armap,70
752319,1759837,272729,1050245,1864329,162583,67643,6888,1644937,961502,651324,791739,1542394,741519,1378543,1612193,924275,1353218,1333799,1375949,1875042,793166,124938,2040286,1725372,1789611,1782659,1430133,684147,1699096,1979296,2096400,391863,2003423,1658777,729486,723602,1282200,225554,521263,32819,133318,697921,946227,1637951,1347606,1762308,229362,602168,1782681,1417855,1600461,1937668,892845,2010844,2016997,1627831,1761989,1616615,1610668,1159236,580358,110824,881412,945355,876785,981957,310363,1165604,888545,
archive.c:_bfd_unlink_from_archive_parent,8
520164,1025807,861554,279443,1301708,1538433,654081,1188185,
archive.c:_bfd_archive_close_and_cleanup,12
831360,1477897,539386,2042773,637625,246666,1459192,785373,1943601,2030200,404672,1089022,
bfd.c:bfd_set_error,2
601169,858184,
bfd.c:_bfd_abort,3
1631713,1176413,1370484,
bfd.c:bfd_set_input_error,2
1333195,1920679,
bfd.c:bfd_errmsg,9
1803261,243908,648686,158223,1658352,1477576,2048756,2007511,11683,
bfd.c:bfd_perror,4
129162,1929630,1716114,692494,
bfd.c:bfd_get_reloc_upper_bound,2
1282248,1810563,
bfd.c:bfd_canonicalize_reloc,2
1448540,288207,
bfd.c:bfd_set_file_flags,7
1316923,1909573,506751,2091497,707250,1581744,1043495,
bfd.c:bfd_get_arch_size,2
1129138,366143,
bfd.c:bfd_get_sign_extend_vma,14
836381,1970508,974551,1457412,164228,107483,404096,1389329,802400,1687291,1783255,742695,914999,764122,
bfd.c:bfd_get_gp_size,6
861695,908602,1115371,1129800,1937562,680733,
bfd.c:bfd_set_gp_size,6
1298861,457074,115470,1919476,1645331,1714616,
bfd.c:_bfd_get_gp_value,8
1807005,502129,49197,571838,299365,511818,165246,1407508,
bfd.c:_bfd_set_gp_value,8
34527,10295,779306,939195,216620,1812647,173982,1096233,
bfd.c:bfd_get_relocated_section_contents,5
1790271,508689,767462,653210,463816,
bfd.c:bfd_record_phdr,10
384412,709494,634719,1783010,2077411,1112384,1359940,1680973,1093804,408396,
bfd.c:bfd_sprintf_vma,4
1738791,1691248,1940984,1230856,
bfd.c:bfd_fprintf_vma,4
1428386,1662070,226582,1507567,
bfd.c:bfd_alt_mach_code,10
1018435,1506317,1658589,1918148,1850554,1996813,1259772,940093,409573,1051740,
bfd.c:bfd_emul_get_maxpagesize,3
895748,750448,1880116,
bfd.c:bfd_emul_set_maxpagesize,2
2039780,589779,
bfd.c:bfd_elf_set_pagesize,5
870849,546468,509756,801563,1029283,
bfd.c:bfd_emul_get_commonpagesize,6
1832721,1402173,1237002,1896754,779303,1899980,
bfd.c:bfd_emul_set_commonpagesize,2
1036787,1902033,
bfd.c:bfd_demangle,29
868643,829298,1197705,969485,1980161,1852079,1809994,1239539,1713155,443753,789674,402428,1094698,1146877,758533,854084,699268,988446,1286378,1543996,1340021,1853961,2083134,501274,1540908,454990,1188383,1802407,1062674,
bfd.c:bfd_update_compression_header,8
220262,1803891,1351231,660578,205829,103305,1019192,951597,
bfd.c:bfd_check_compression_header,9
399037,1772349,539564,1845340,1449535,1851972,1122501,2006923,541550,
bfd.c:bfd_get_compression_header_size,11
319958,22518,38155,830341,1978173,1584787,528383,1770197,786985,1419686,1207163,
bfd.c:bfd_convert_section_size,13
1471744,1926860,1779477,1839857,1453142,19505,1043200,1704008,199121,1625922,320495,1670582,260734,
bfd.c:bfd_convert_section_contents,16
206149,895588,355337,278143,767274,2021678,184344,572642,756177,261509,1392231,1948062,147388,978155,164945,81233,
bfd.c:error_handler_internal,200
822157,1784406,1247001,1362541,2023017,427102,567583,314058,518435,1686793,1036199,734517,1709108,904405,854410,147995,1962459,756910,1897798,1029432,1309366,1933873,359127,1103558,726348,691078,133751,848982,1041115,1619761,641873,1474941,1603006,1619488,156999,1130165,2008303,1246163,1117666,1147841,945770,1509409,1167362,825229,2014626,2006851,18444,1066527,1519340,927951,1140632,1045552,927851,1322062,447134,1792380,114519,375273,1465877,1393207,1548342,1942699,590395,1091084,1500938,1688922,1980000,1596202,831887,759065,1193864,574773,1658930,493112,53397,313855,1092075,1071373,1071476,1695054,2084342,1019682,1924147,680738,1339845,1937903,1894096,1744940,1365571,386378,2027220,923556,859635,607462,2060235,309222,1492188,1917464,1847637,1978066,1940853,1526887,137190,1096519,1315575,824578,85978,170635,1645911,779573,983461,1559268,320548,1697682,1880630,1161363,1300262,1364976,1765773,843062,1847241,132688,1318622,781681,1081421,379225,552898,346229,1220922,944479,1525355,631580,599788,68767,263748,1252605,482318,1947058,1688618,571170,95690,640618,791737,1522034,933606,919907,378051,1090276,1450892,1246248,2070872,1728478,1786995,159827,112820,2051349,1681393,857098,1581663,291485,651341,779927,665728,2007231,932094,1734108,1558028,1361853,846667,529181,155526,1167997,1078194,115745,209923,980822,1618622,1890656,1533801,206666,859910,1274559,1209058,1568659,2060941,918061,484067,1956234,2014002,27814,382057,988038,672234,90726,485126,477628,141015,1665823,194295,1308647,
bfdio.c:_bfd_real_fopen,4
410601,510854,1654875,1542085,
bfdio.c:bfd_bread,18
1422106,303309,689942,852499,1898478,1660439,1984528,1724746,1725396,1034270,201575,1719498,1599536,1481074,1548166,474218,1369913,1938512,
bfdio.c:bfd_bwrite,13
385982,974051,1791064,525565,2043870,1348798,1125486,1626078,1447470,1939238,1381625,9962,152017,
bfdio.c:bfd_tell,9
1705761,1261707,1484633,143829,1834998,898871,1516182,416570,420552,
bfdio.c:bfd_flush,9
1053744,771967,1197903,1353917,1937214,1315016,1848059,1514009,373595,
bfdio.c:bfd_stat,11
563152,1263023,355166,564409,910331,542025,425884,1280362,1999833,1811905,863490,
bfdio.c:bfd_seek,23
523326,1644047,1004980,1286848,1962395,1895999,53846,1193008,2025363,1599234,1337071,2066006,1125818,901395,1128134,395387,1846240,1925693,1003186,35491,868237,1996695,2085504,
bfdio.c:bfd_get_mtime,5
1540338,1098739,386800,970388,858940,
bfdio.c:bfd_get_size,3
227190,839626,1428069,
bfdio.c:bfd_get_file_size,6
909632,1177295,1931225,1853563,951759,1801055,
bfdio.c:bfd_mmap,9
1546732,1943854,1705971,2032339,1284099,351273,904630,1806224,1933787,
bfdio.c:memory_bread,5
882117,217147,1484441,45589,2017937,
bfdio.c:memory_bwrite,8
1865500,1848651,1414095,207847,543642,1018533,1048610,1873629,
bfdio.c:memory_bseek,14
1948270,1600344,622691,434021,347569,891058,1062162,1390507,436531,48439,740207,776389,399321,1014438,
bfdio.c:memory_bclose,2
1067578,1304019,
cache.c:bfd_cache_init,9
12088,127839,1424714,2037477,1767362,305082,1257577,525023,919768,
cache.c:bfd_cache_max_open,9
1008830,415985,122837,607964,625520,893685,1114681,1426756,699287,
cache.c:close_one,17
1438984,859079,330984,1361729,66623,655754,1587467,305198,2064207,422512,452469,1287053,577047,154777,1547103,660969,1493676,
cache.c:bfd_cache_close,11
1998129,587058,1316070,1052307,1640073,1539256,448922,276155,2081332,1919467,2074780,
cache.c:bfd_cache_close_all,4
1575816,306013,986469,1914703,
cache.c:bfd_open_file,19
389878,110502,981236,1630619,1301244,479014,1021660,152508,1799371,2026441,1407922,2021048,39322,1912354,1196891,1408784,1448435,466554,848706,
cache.c:cache_bread,22
268910,1173562,796147,1675861,1395886,1085344,902614,1232092,1282700,1056419,200053,730657,1742927,1030972,414459,112351,1932477,1431294,1383984,1580128,290931,2007894,
cache.c:cache_bwrite,8
964434,2020055,317097,1247885,1135480,28836,2060482,893585,
cache.c:cache_btell,5
842336,1061159,194698,1309134,1405304,
cache.c:cache_bseek,5
164249,1360430,792628,1217825,377694,
cache.c:cache_bflush,7
1694853,2052073,1506970,1514436,1043566,1848090,1316807,
cache.c:cache_bstat,7
466412,1207398,993036,470504,114633,1232276,2058646,
cache.c:cache_bmmap,11
1622792,1887872,1964768,1953674,1826550,747736,1681829,561715,1310772,315837,706521,
cache.c:bfd_cache_lookup_worker,26
936569,369006,910807,1958464,1954232,1211490,607446,1490593,356541,1834927,1992956,1602952,223936,1485647,1237590,1848647,1272042,1128210,1721784,957999,376474,1226664,1151444,1447889,1840097,515111,
format.c:bfd_check_format_matches,123
536155,1528795,1562549,532772,919900,138970,976857,114215,1285723,1515592,917876,1480353,2086573,298348,1362168,1893306,1948195,2065687,281064,456133,298457,1913082,1015848,693614,1153322,1640398,1033413,87661,276311,1081822,190532,1439651,105775,1455169,1909494,1587803,409253,1386113,1333879,1629522,94630,364095,99215,53725,837766,2014006,2013525,1069874,667539,408987,242041,590680,1303371,2076397,1959369,930148,684383,1084891,1746000,1159124,177012,1514913,335331,115533,915527,1482752,424158,1808863,1953074,170477,1299723,1772139,297717,670552,1898494,433180,808503,71740,338577,49554,711794,314520,1508587,766331,1814340,1082649,2037433,903866,1517514,184565,1306944,1297212,468687,1162130,1556226,2061368,646839,1306822,304968,1422784,912809,1039069,1165918,1091089,1420202,1905138,1893400,648290,376998,1072199,924953,6942,1315151,1630066,1289765,1642277,1363981,958512,429977,1019028,1228104,383022,1932212,
format.c:bfd_set_format,8
1289287,744581,48132,1300749,1144174,1368838,41717,1632787,
format.c:bfd_format_string,4
666873,171036,1332364,1577835,
opncls.c:_bfd_new_bfd,9
683061,1006790,676775,2002614,1895570,1896159,1809933,1912454,935929,
opncls.c:_bfd_new_bfd_contained_in,4
751214,1845100,1653003,1401845,
opncls.c:_bfd_free_cached_info,2
758791,377529,
opncls.c:bfd_fopen,25
1654583,1502164,215295,433712,226938,1989771,926449,743728,2080753,1062851,220946,663270,1660217,898193,619646,731074,239162,741299,217873,575215,1407142,470756,73234,978191,796989,
opncls.c:_bfd_delete_bfd,4
791651,754691,794734,1422885,
opncls.c:bfd_fdopenr,6
639612,871498,122457,1506773,1565118,2038769,
opncls.c:bfd_openstreamr,6
72306,511015,1585199,1757547,641084,410130,
opncls.c:bfd_openr_iovec,8
1475321,790505,1482577,1865830,61618,1395724,1750837,1047832,
opncls.c:bfd_zalloc,2
432841,1261984,
opncls.c:bfd_openw,6
241057,1048210,260096,195343,1165991,236765,
opncls.c:bfd_close,5
1770294,717063,1143509,1180757,1125918,
opncls.c:bfd_close_all_done,10
1389202,1284675,1998407,1329332,125512,839087,1299494,1882328,2000365,3159,
opncls.c:bfd_create,4
1495327,1167248,832021,600980,
opncls.c:bfd_make_writable,4
1418732,394955,409350,1050666,
opncls.c:bfd_make_readable,7
1299995,1473846,1853236,502078,1314965,453263,1238422,
opncls.c:bfd_alloc,10
1358156,132724,751836,641858,880371,982562,674222,857805,1702519,2007734,
opncls.c:bfd_alloc2,4
1486156,1294994,722244,178337,
opncls.c:bfd_zalloc2,6
1730986,1631930,2053356,1420244,632247,2060856,
opncls.c:bfd_calc_gnu_debuglink_crc32,4
2025541,690793,241028,230347,
opncls.c:bfd_get_debug_link_info_1,16
1609247,925608,1904748,889334,636258,1705349,387278,1262084,907630,1051523,550126,955344,1961495,1081127,1097583,2048918,
opncls.c:bfd_get_alt_debug_link_info,18
1452405,1607931,1000824,1789842,1467785,1907176,541015,101394,1657284,891370,70994,588774,1395699,40708,884225,1005810,869848,1499479,
opncls.c:find_separate_debug_file,63
916702,1410603,493057,45247,195583,385565,1299559,1963126,1026498,1305890,27498,721177,1339072,1151201,146424,1982441,1745699,1350462,419368,1175677,1542350,370667,741026,18159,691389,2092571,573496,1630611,346431,2024337,1238190,1555981,1108367,1028341,107848,45534,1668109,297805,652842,2079508,1640014,2063120,694371,2028928,184088,1533657,1768588,211863,1801778,210386,1347071,1462674,672122,1230012,2076443,572044,1190144,1735665,37440,828166,1526402,1643807,1257158,
opncls.c:separate_debug_file_exists,14
1977641,998723,774260,346796,1166671,1900261,246730,1511900,1401706,1356787,392255,610508,1615756,1485093,
opncls.c:separate_alt_debug_file_exists,4
1237597,920929,1606884,1208962,
opncls.c:bfd_create_gnu_debuglink_section,9
71144,423774,477524,1537347,9284,1543030,1556987,354058,99741,
opncls.c:bfd_fill_in_gnu_debuglink_section,18
1072512,1004325,780756,1105552,1262858,1524186,899277,1930427,735994,1549935,1035054,1128284,873058,1283598,440209,94530,1001684,1973174,
opncls.c:get_build_id_name,12
1243627,1386973,1596860,784001,312186,1722037,928076,1224369,636888,346911,843620,639910,
opncls.c:check_build_id_file,12
916696,699399,1833297,1603668,1556997,1389105,1707497,1455690,693231,970712,158245,1487285,
opncls.c:opncls_bread,2
353431,207928,
opncls.c:opncls_bseek,3
1367553,383730,1582279,
opncls.c:opncls_bclose,2
8325,1658551,
opncls.c:opncls_bstat,2
201044,408331,
opncls.c:get_build_id,37
77949,1666104,2038360,517064,1883490,1009851,1470442,1010668,463182,429057,468167,1930042,1232609,2088486,512686,926651,418341,27123,757786,1271471,1219496,1817747,1547452,174005,1012333,760395,517247,1956992,2084727,1086357,250839,1090896,411459,1028731,1662207,1713369,387220,
ar.c:main,252
882764,921795,203712,752419,809247,112764,884778,1976930,1983396,1236263,2535,989290,185909,330817,1121986,1821372,442024,1249126,1044795,645641,1908431,447578,1664615,1852300,1704622,873479,969861,1796302,664584,1910865,589183,1694169,183949,1676945,750538,985635,983839,1257875,1760569,5009,2004436,978044,644107,2032916,707162,998109,1384563,230401,1441271,700105,35628,656474,1021801,1570769,830222,2053258,357116,1614651,1611345,212762,1299894,1517700,1805998,58666,1558296,1244774,347359,516240,1718447,2054378,1565637,1189023,847483,826824,159786,583031,153305,2046986,1751681,1012269,767271,709599,2061141,386638,1215697,36801,257197,509783,1932346,1466356,279041,1454661,2052966,294499,1412995,823170,1466660,1197744,661456,1015933,1928247,464184,181406,1192972,213423,11582,514411,924812,773587,80569,428927,172545,339356,1229085,857520,780815,1200601,776907,121815,1398609,434903,827704,779282,1419539,874675,1642300,306696,1102038,1087982,1646866,381839,536965,1575528,867296,1186599,2032583,1578944,473664,418499,1813944,1296161,499624,1076785,151758,1835635,2013118,32001,1702762,1766804,1207722,641660,380602,1906288,384528,650319,1520809,1460413,1452185,1524944,507662,1305416,1383749,876561,847796,1462267,1402465,1101519,130228,540183,1138290,616077,1039830,485228,419384,1998807,1176448,1350676,447338,1452406,676298,1253500,824296,1764680,1168522,1469281,1398213,771607,2064696,735754,1169856,1313976,1844482,712199,697585,1489802,884974,1355495,904017,566643,1230734,185047,2024131,872686,116337,281453,148699,1535347,65777,90697,217847,40093,129497,714939,321460,1008901,1220356,2083990,53450,1041859,370814,1455981,821589,415542,1044570,1650728,2086738,268086,989259,1152597,167457,765762,1258294,437996,1612126,1481531,706016,405301,1734537,317820,1327082,1944373,1562219,1435751,1098334,1765045,555542,556452,1186257,1028428,377152,587019,1253168,
ar.c:remove_output,6
513623,1813163,1572510,702840,262609,1535039,
ar.c:usage,5
622233,92404,1802012,723783,364630,
ar.c:ranlib_only,4
1255761,514119,1805865,618930,
ar.c:open_inarch,45
2093458,1852436,1963997,755410,650373,737593,619227,624482,1649953,1359577,590655,89472,1020113,1382178,1704729,1690708,1036510,1413352,676634,1473040,1089629,1415269,1473308,323335,271942,1302694,1309967,611862,1995758,961755,1897997,1207219,2001304,1740710,595030,1907794,1230080,1296364,1168511,1632345,1205460,205899,132902,651204,714650,
ar.c:map_over_members,32
1634843,71118,1352850,1268330,556057,15855,1450867,1592611,1852171,172627,7271,128100,1796362,1030933,292510,1963373,163927,575112,2009762,416034,1609650,835367,1677824,1613445,994796,723055,1067007,1215238,1112157,1116632,1894603,1234869,
ar.c:print_contents,14
920193,1478155,1556271,1301471,228926,2032134,370512,1242441,1237347,270224,719500,973420,1634482,1139173,
ar.c:extract_file,26
975753,1393311,2086871,631599,571352,517607,1972757,609877,2001017,1611426,1720663,1348415,1269960,77518,217583,142071,1493582,992132,212545,932140,1459649,1584175,1902337,1581372,1949219,850264,
ar.c:ranlib_usage,5
880144,1915742,326211,860243,1112800,
ar.c:normalize,6
1737131,440545,1992531,158690,1436987,180115,
ar.c:write_archive,17
856442,1020911,1791503,1436308,348556,646143,272253,63255,1516148,37658,1685285,1788239,1131293,311032,1468118,1395139,476448,
ar.c:get_pos_bfd,18
568071,1191876,715415,126528,1707579,236760,1531277,849738,811884,2047139,2018537,352750,1552409,723565,2048276,1169294,1370812,426423,
arparse.c:yyparse,100
1942473,1133555,1066532,1554277,983461,825498,689627,85599,968702,2095307,1799936,1624589,917126,987453,1917010,1469161,421633,1331047,1614055,2026620,1704662,249717,370262,701610,1339038,1409197,681397,858917,1420057,633734,364631,905094,511308,177278,927163,528576,861713,831810,1113610,473787,136033,1397318,722467,318802,2005454,1285287,958280,1059198,232219,1497800,1343222,1694055,707519,1339758,1962133,79474,1599378,818446,1635876,270065,2089785,1817112,1648581,323349,2015634,943031,1750375,1369488,968648,84719,328488,834645,1640986,55407,693187,626737,1880824,1636733,1125856,1215903,1684081,208892,601717,1698046,93323,306844,1946959,252526,697428,573351,633406,2076436,1546787,1849333,1478948,1619830,1029866,306029,1309951,1104798,
arsup.c:ar_directory,7
1029491,632592,1461737,1354564,316542,261720,842247,
arsup.c:map_over_list,17
372640,323753,1895143,896104,943998,1620573,265444,1146332,976038,1503519,1332050,430493,1456131,465811,2017237,747336,1695007,
arsup.c:prompt,2
314377,582871,
arsup.c:maybequit,2
796036,1009225,
arsup.c:ar_open,18
1939434,1519817,924428,1067286,2007334,1198900,891647,1087711,178580,568366,1300521,1997006,1659219,728227,2009595,677560,914970,743340,
arsup.c:ar_addlib,6
498929,73043,15659,749787,1829823,167613,
arsup.c:ar_addlib_doer,3
748143,837168,902200,
arsup.c:ar_addmod,13
1566411,1219747,822371,1934940,886917,1600157,495005,1343732,411046,1839992,169545,901180,1483915,
arsup.c:ar_clear,2
1073138,1600837,
arsup.c:ar_delete,19
960953,342455,1267583,1215739,567606,1858130,1635762,72546,824032,144581,1644426,42383,651285,626,1750229,1602611,574408,697579,1012740,
arsup.c:ar_save,6
850211,1918823,1650959,867172,242623,109946,
arsup.c:ar_replace,25
160924,701330,105674,1729606,979888,1707764,1996714,333261,2027012,413308,829196,1391260,1692412,9357,1852485,225087,1873675,119565,181881,2085650,1134704,1647116,1881283,1631408,1229227,
arsup.c:ar_list,8
494062,182543,344275,2046603,1712838,472935,1718193,767190,
arsup.c:ar_end,2
131655,1589779,
arsup.c:ar_extract,18
13689,1816417,1661597,1544031,1314540,1143417,637378,1596773,1103763,1335285,1251008,560222,2057678,612656,179333,212335,732614,1853828,
binemul.c:ar_emul_usage,2
159547,747477,
binemul.c:ar_emul_append,2
1207212,1422280,
binemul.c:do_ar_emul_append,13
1845741,278651,746263,1231288,1539383,1734253,1917049,850262,175222,1511957,317960,507241,624032,
binemul.c:ar_emul_default_append,2
587322,507840,
binemul.c:ar_emul_replace,2
918271,847327,
binemul.c:ar_emul_default_replace,4
1352758,196,1154111,971475,
binemul.c:ar_emul_parse_arg,2
1938298,1952482,
bucomm.c:bfd_nonfatal,2
983115,41102,
bucomm.c:bfd_nonfatal_message,11
96227,159150,1411455,996462,1358603,191860,2001474,515796,873764,1830931,1184396,
bucomm.c:bfd_get_archive_filename,10
1720460,1375202,2012858,803190,1753812,1150201,914176,50130,951890,157494,
bucomm.c:set_default_bfd_target,2
1484892,69915,
bucomm.c:list_matching_formats,4
875488,262077,1248907,640393,
bucomm.c:list_supported_targets,7
1176159,838518,179608,1048674,443974,1749231,566229,
bucomm.c:list_supported_architectures,7
1171637,1110942,564718,1390947,402219,1578313,778550,
bucomm.c:display_info,44
13619,1602283,1337387,184491,1985358,1353264,1334890,1690331,707552,1322086,2093948,220025,424286,1557027,1286541,635516,1657369,392786,484297,317449,1810444,704684,578905,852149,1062680,1007800,1963888,350067,1850069,196469,48368,242467,972633,506190,1212532,1829434,397201,1974006,734830,165411,806086,759834,303884,963844,
bucomm.c:print_arelt_descr,15
919844,1096261,1992299,576798,1973982,227559,1906628,2015186,396808,1182783,523891,831997,424254,2002800,604582,
bucomm.c:make_tempname,5
784940,2029807,395487,1122778,695583,
bucomm.c:make_tempdir,3
2055273,2088971,882983,
bucomm.c:parse_vma,2
2071426,1801894,
bucomm.c:get_file_size,13
314279,408100,1558611,640956,1560492,236601,672813,32330,2094210,2040585,57565,1615783,1766304,
bucomm.c:is_valid_archive_path,33
2056389,1681407,800484,1989765,1044810,2040938,818332,834153,1752559,1224189,478114,842846,1913889,323102,949795,1834136,1732832,573012,1316925,1644748,1916850,1950350,995661,1692964,97166,338806,2041249,996828,2082064,1193356,1312184,1843741,251579,
bucomm.c:do_display_target,18
1384029,785227,1833087,423008,1242955,276486,2069738,1658769,948933,1493045,1363701,1168540,315514,1390245,1331438,381704,1113176,1549941,
rename.c:set_times,2
1614637,977338,
rename.c:smart_rename,29
32251,247097,1607502,948439,605419,1161011,556562,1465123,2014556,488296,382803,1024134,1184172,912584,1048058,1622968,111997,249434,318864,392903,467435,287824,1562140,250183,2035750,2016170,1728975,1857941,1707794,
ldmain.c:main,151
221038,1941084,829444,887792,1610030,165343,973992,221068,1884294,8643,1312971,865352,2078265,336691,1328864,2015036,33258,172266,1894939,1435945,1972233,1186655,879954,673030,940857,228433,1648737,1801790,781033,336870,2074081,1562648,16571,872889,697821,1222175,1812972,1421976,1719401,1262870,679527,719782,487937,1860964,465749,1281716,355437,452865,384975,186367,1537438,1655699,1720221,1849032,978378,1905577,408902,1889019,952628,68659,1753513,1861056,436,383808,1542525,1468207,1978718,138917,2007279,847107,905547,449259,1183740,114138,1893957,1457595,1533172,1562118,1438269,1919019,418949,1866453,219678,1902304,1896167,1018310,1307791,2019013,1708696,433597,218796,958669,1015539,1188425,272409,1240299,203215,991874,917819,552698,1449285,1421398,941427,1054305,1379258,2058473,1281942,1252870,1343625,556986,1354436,210241,709735,1980545,1999142,247237,2007100,2011200,914742,1404347,359103,1794902,188507,1841375,1294764,1051015,1343,12548,366219,241481,332032,1619485,60202,1093356,404735,1171793,1766220,307732,1820164,1389707,353164,1569825,1604826,1065586,1478314,142103,1795786,2052328,1197970,733780,1449084,
ldmain.c:ld_bfd_error_handler,2
269391,677965,
ldmain.c:ld_cleanup,3
975727,629078,1418754,
ldmain.c:add_ysym,6
611853,1336751,376649,2090573,1612253,1568159,
ldmain.c:add_ignoresym,6
1897113,1069723,474715,503484,1611925,944799,
ldmain.c:add_wrap,6
1349999,593715,91657,864169,806746,823037,
ldmain.c:add_keepsyms_file,29
408953,941207,951984,1234941,1935549,1749877,2011016,139760,929085,1718527,907934,63859,130408,1703101,1031796,23398,1245446,1364804,1376820,852223,710106,1528330,661158,52607,655499,1772176,1986224,465873,666911,
ldmain.c:add_archive_element,44
956635,500809,1042305,1944639,1846533,812550,342372,1106553,49474,1441642,1260803,1873215,1563422,674711,1781769,3966,943178,1621286,153879,198288,595928,504865,436343,711851,1281978,587899,56330,1381457,29098,1551896,1300638,354968,2060638,34995,1347875,20625,1244122,784951,39758,69130,1553144,1767366,1020992,1132076,
ldmain.c:multiple_definition,24
1010687,763806,45531,360838,997876,126382,629117,95250,672498,1456552,279852,2033993,85560,1345320,658726,59490,967064,1883586,1942070,1021612,543106,1091393,1295002,948310,
ldmain.c:multiple_common,37
2066845,582605,1833392,2082542,126501,928352,1710954,357488,1811139,1593462,291195,401700,1665917,2006524,582585,734116,1165392,801824,1836167,723433,20773,650743,542476,215442,1152153,1912522,229676,180497,1710164,662209,947551,747876,615894,917424,239763,220425,1195490,
ldmain.c:add_to_set,6
1992263,1879399,1994431,1919459,280597,2026871,
ldmain.c:constructor_callback,18
1947576,550964,1835482,1908958,1514307,2035907,782609,1975436,439054,1874202,714589,444719,493698,324517,319009,1235389,1894121,682067,
ldmain.c:warning_callback,22
1187717,21505,921574,939451,138778,610066,1891509,911998,2043566,1120815,1623744,1214407,1699570,15035,41846,1031838,1190977,1834435,1013604,1719583,1494469,1730215,
ldmain.c:undefined_symbol,33
619615,1797774,1901778,1006142,169618,1273972,476042,1268575,1986110,1747452,1256605,1095335,64318,1325439,950264,750463,1503563,38757,1272522,639408,1168296,1214177,1105236,65076,588862,2074130,1200112,2018524,1790079,726067,108162,115919,1927615,
ldmain.c:reloc_overflow,21
822764,1199575,447974,1278401,1915059,2047753,1280679,1695511,287779,232818,2062903,1455963,568938,71196,1078700,839534,1004644,1266484,212677,1017619,734218,
ldmain.c:notice,13
2010719,1507683,1175403,310399,2004614,1333968,967968,830399,490611,940823,1713411,1272103,1300934,
ldmain.c:warning_find_reloc,19
1330477,1515365,1189621,1982442,940859,298463,371763,1527408,1569351,1511485,1437388,114546,1235090,129375,613549,1894822,1651711,1911571,644815,
argv.c:dupargv,10
1053991,1387773,1364538,418254,1376738,944352,437976,767264,713482,291012,
argv.c:freeargv,6
911720,547371,1747191,1415720,566891,1616485,
argv.c:buildargv,45
1456831,1345403,1616436,1681771,583816,1036064,177513,1169268,1120938,40290,1066125,1429579,1380865,1860796,375801,1471487,190084,459698,386244,605390,573289,1991853,1347631,1641798,427097,306924,172598,112234,387498,1404067,1256008,498780,1498141,1155460,1002796,757294,1305153,229735,1715965,927050,1456470,1539133,873325,1085379,1527246,
argv.c:writeargv,21
2024123,1170697,35043,1384229,358920,854202,1865958,1768210,617836,1870075,1432933,681708,761309,429130,718704,141831,545327,1071426,1884215,1770875,648377,
argv.c:expandargv,41
1262198,590129,415726,223127,655699,1418043,433823,795288,1928889,722178,62516,1286096,1847876,1492446,1219144,2049525,460856,1317447,1750467,1065231,1099483,1646421,468323,299108,1858549,273628,191640,957856,535732,1463964,396822,41915,1958839,1734260,802784,1921168,1088462,1338423,1814994,1856845,561666,
argv.c:countargv,6
1400305,1593046,695670,614159,1786503,1478819,
filename_cmp.c:filename_hash,6
101389,106997,961951,666550,1937210,1902142,
lbasename.c:unix_lbasename,8
1962188,1551529,805413,642782,372460,1752602,937102,1274897,
lbasename.c:dos_lbasename,11
392925,13785,1319051,591911,1578910,161682,1137718,144552,1424882,1812739,760080,
lbasename.c:lbasename,8
198679,1412076,1029894,1650096,808971,2082131,1003497,1524029,
strerror.c:errno_max,5
1549539,997194,23894,149761,360767,
strerror.c:init_error_tables,12
2048831,1800336,469272,209947,896187,345311,1139221,843711,1636925,648305,685670,1657034,
strerror.c:strerrno,9
612518,253885,1548520,874598,1584151,818413,1574164,1534551,1553314,
strerror.c:strtoerrno,13
1274030,198340,764973,1108857,1095205,1513970,1380239,238864,791616,151625,1190432,146844,1692048,
unlink-if-ordinary.c:unlink_if_ordinary,5
1881043,1704657,1390595,1243696,686327,
xatexit.c:xatexit,6
1013188,1550756,843942,1031138,1584777,1672249,
xatexit.c:xatexit_cleanup,8
641471,2093061,874907,1625528,76192,983994,104214,2020738,
xexit.c:xexit,2
1575501,1857927,
xmalloc.c:xmalloc_set_program_name,2
1821597,920420,
xmalloc.c:xmalloc_failed,3
2001810,1097961,2031443,
xmalloc.c:xmalloc,4
1786403,1977169,1333644,1098268,
xmalloc.c:xcalloc,5
119731,147015,2070608,1263851,1841894,
xmalloc.c:xrealloc,7
1774580,2047539,557689,32453,599264,1557345,115260,
