nm.c:main,95
2636024374,3487661367,392880603,392878425,392894826,392895981,392882055,392891988,392898522,392897466,392869218,1178675965,1178695567,1178692399,392884563,3570803239,392828892,392879448,392870769,392878392,392912283,392881824,392873178,392883177,1178649532,392883276,1178649829,392875752,392887929,392829420,392820708,392832159,1178486677,392882583,392875092,3374526239,2907746924,3443593269,899824842,2463473211,4157376856,1711241905,453991318,527819543,3408716548,3535460032,392882418,392881428,3361738989,392887071,392828364,392819652,392836185,392850474,392848296,392850540,392848362,392862783,392860605,392842092,392884992,392882913,392873442,1178620327,392900667,392879052,392876874,392894463,392877369,392873145,1178619436,3886771322,392887401,392890668,1178672005,392873508,392884398,392881131,392878986,392873673,392881296,392888919,546379060,392877072,392886873,392884695,392894595,392906574,1178719723,1178683786,3536051359,392879349,1178631217,1178660620,1178654086,
nm.c:usage,3
392879877,392845425,392854170,
nm.c:display_file,56
392884530,392883540,1178650621,328290946,392862882,2127885769,392857668,392868591,1178605774,392857767,392850936,392859648,392885784,392855358,1178566075,392834073,392834205,392835459,1178506378,392837670,392833380,1178526277,392847537,392848692,392857404,392847636,1178502220,392867634,392875323,392866644,392869878,392860242,392852718,392861430,392885388,392854929,392868162,392875818,1178647255,392863938,392873871,392871792,392876181,392865324,1178602903,392875422,392879811,392863344,392857998,392866710,392881065,392880042,392861562,392859549,392872716,392877105,
nm.c:print_object_filename_bsd,4
3709716528,392878722,1036848297,392859120,
nm.c:print_archive_filename_bsd,2
2609246671,392860143,
nm.c:print_archive_member_bsd,2
339790437,392860803,
nm.c:print_symbol_filename_bsd,5
3122256875,392861859,392866281,392872848,392878326,
nm.c:print_symbol_info_bsd,53
392893902,1178681707,392864499,392868921,392881989,1039589661,392883408,337829778,392869251,392880174,1178640523,3535921570,803462499,392867436,392858724,392924064,392880240,1178640721,1178602309,1178576173,1178772193,2006169720,392881362,392884629,1178653888,3535961665,2017950404,1758883917,981684456,2945053369,392836251,392882550,1178647651,3535942954,1750790070,3535806928,3535728520,3536316580,392877237,1178631712,1178595973,3535787920,392882748,1178508754,392889414,1178668243,3535526263,392888391,1178665174,392882979,1178648938,392885223,1178655670,
nm.c:print_object_filename_sysv,4
392859351,1178578054,392859483,392872551,
nm.c:print_archive_member_sysv,4
392861034,1178583103,392861166,392874234,
nm.c:print_symbol_filename_sysv,5
825231946,392862222,1178599933,392873211,392878689,
nm.c:print_symbol_info_sysv,74
392888688,1178666065,392895288,1178685865,392865885,392870307,392883375,392884662,1178653987,2017486193,2017250969,2019015149,392884728,1178654185,1178598844,3535796533,392883705,1178661214,3535983643,392889282,1178667847,392877501,392870967,392885190,1178655571,392821566,392828463,392831763,392837274,392828694,392850507,1178464699,302159751,392883045,392876511,392894001,392904891,392836680,392822523,392833644,392828199,392831565,392829618,392876478,392892813,392829684,392851497,392830839,392871264,1178613793,3535841380,2017589549,1757801352,978436761,2935310284,392882187,1178646562,3535939687,1403330709,1757491284,1756785612,1762078152,392868129,392881197,392878128,392871594,392890140,392907564,392917365,392883639,1178631316,392890206,392908719,392918520,
nm.c:print_object_filename_posix,4
830184723,1178638345,187685712,392859846,
nm.c:print_archive_member_posix,2
2634754638,392861529,
nm.c:print_symbol_filename_posix,6
3594476668,392862585,392867007,392879019,392858361,392874762,
nm.c:print_symbol_info_posix,27
392887236,1178661709,392879646,1178638939,392897136,1178691409,392867733,392888556,1178665669,977506557,975389541,991267161,2016644198,392872287,1178616862,3535850587,2017617170,1757884215,978685350,2936056051,392883210,1178649631,3535948894,2581117056,2932519672,2926168624,2973801484,
nm.c:print_symname,6
392827869,1178483608,392844204,1178532613,392869317,392836713,
nm.c:set_print_width,16
392863212,3535808710,392867865,1178603596,392899446,392854830,1178564491,3535693474,2017145831,1756470198,974443299,2923329898,180055103,540165310,1620495931,3211359831,
nm.c:display_rel_file,212
392856216,392853015,1178559046,392857437,392885751,2017894271,392858757,1178576272,3535728817,392860968,392855589,1178566768,392886081,392882880,392863410,392861331,392886444,392851728,1178555185,392871330,392876775,392856348,1178569045,392874960,392865291,1178595874,392878458,392862189,3535799800,2017464809,392868855,392860176,392867931,1178603794,392870175,392872518,392859450,1178643889,392849748,392862849,392873739,392860671,392864994,3535707136,392884959,392894760,392916540,392834007,1178502022,392836218,392839518,392841795,392838627,1178510041,3535530124,392838891,392836746,392840079,392834634,392848791,392835756,392830311,392844468,392830344,1178491033,3535473100,2016484709,1754486832,392896773,392829321,392834832,1178504497,392832687,1178498062,392840343,1178521030,392840409,392855721,1178488855,3535466566,392829651,1178488954,3535466863,392833083,1178499250,392837472,392862519,392835393,519395188,392827836,392832192,1178496577,392835492,1178506477,392831268,1178493805,392832423,1178497270,392831499,1178494498,3535483495,392833710,1178501131,392836053,1178495290,392856051,1178515882,114541725,392853477,1178590033,392869911,1178603200,1178590231,3535770694,392861232,392863443,1178590330,392861265,392858031,392865654,392877633,392885256,1178580727,1784163555,392858130,392855985,392877765,2143975136,392884332,392856018,1178568055,3535704166,392890932,392900733,392853939,392851035,392847834,392848956,392844666,392845821,1178537464,392848065,392845920,392849517,392857140,392844138,1178532415,392846448,392850837,392846646,392851167,392897994,392840310,1178520931,392865357,392888259,392856711,392903538,392845854,1178537563,392845887,392852553,392849286,392844963,1178534890,3535604671,392863476,1178590429,3535771288,392846118,392840706,392840739,1178522218,3535566655,392848461,392857239,392854005,2659997019,392854038,1178624287,1178653690,392906343,392854203,1178562610,392856414,392859714,392861991,392858790,392856744,1178570233,392858955,392856810,392876214,1178576371,392880273,392852883,1178558650,392855094,392858394,1178582014,392857470,392855424,1178566273,3535698820,392857635,392855490,392882781,1178572411,3535687831,2017128902,392858592,392856447,
nm.c:non_numeric_forward,26
392832654,1178497963,3535493890,2016547079,1754673942,3535494187,2016547970,1754676615,969062550,2907187651,392834898,392849055,392842554,1178527663,392833908,392833941,1178508556,392841663,1754965299,392833182,392837538,392838660,392843016,392833248,392837604,392836614,
nm.c:numeric_forward,33
1178501824,3535505473,2016581828,1754778189,969367272,392835063,1178505190,3535515571,2016612122,1754869071,3535525669,392850342,392843841,1178531524,392835195,392835228,1178502616,392840805,392839815,392839881,1178519644,3535558933,1178568649,3535705948,2017183253,392852949,392839914,1178519743,3535559230,392855160,1178565481,3535696444,392852982,
nm.c:size_forward1,72
392835690,1178507071,3535521214,2016629051,1754919858,392835723,1178507170,3535521511,2016629942,1754922531,392837934,392852091,392845590,1178536771,392836944,392836977,392835954,392836020,392836119,1178508358,3535525075,392852454,1178557363,3535672090,392849187,392841597,1178524792,3535574377,392856843,1178570530,3535711591,392854665,392840574,1178557660,392844930,392846052,392856942,392850408,392837406,392837439,1178607754,392866017,1178607952,392866083,392840013,1178510239,392836812,392838363,1178515090,3535545271,2016701222,1755136371,970441818,2911325455,144041774,432125323,1296375970,3889127911,392838396,1178515189,3535545568,2016702113,1755139044,970449837,2911349512,144113945,432341836,1297025509,3891076528,392840640,392837373,1178512318,
nm.c:size_forward2,15
392841201,1178556274,1178539939,392843412,1178530237,392846712,392857602,392852157,392843478,1178530435,392855523,392843544,1178530633,392875125,392888193,
nm.c:print_symbol,176
392838792,392847504,392838858,1178516575,392850903,1178552809,392849946,1178690320,1178572906,392859978,1178579935,3535739806,2017284827,1756887186,975694263,2927082790,191313779,573941338,392857800,392861100,1178583301,3535749904,2017315121,1756978068,975966909,2927900728,193767593,581302780,1743908341,936757728,2934787193,392839419,392848131,3535594573,2016849128,392859186,392854896,392901723,392857107,1178571322,1178545384,3535636153,392846316,392848560,1178604487,392885586,1178542513,3535627540,1774403103,392844336,392857734,392854467,392879514,1178654878,392847999,392846943,1178547562,392854632,392852586,1178557759,392854797,392855919,392847240,392853807,1178561422,2017177907,1178568154,392860440,392849649,1178548948,392855457,392852190,392881593,392889216,392864235,392862057,392845755,1178537266,3535611799,392856645,392850144,1178550433,3535651300,1178592706,1178586172,392853444,1178560432,392853510,2017081679,1178563996,392856876,392847174,1178564392,392859285,3535713967,392852817,392882253,392855028,1178637058,1178571718,392861661,1178578450,392863872,392861694,392863905,392861760,392859582,392870538,392854302,392860869,392858691,1178596072,3535788217,2017430060,392863179,392849154,1178547463,3535642390,2016992579,1756010442,1756277742,392865522,392857932,392853576,1178619535,392890602,392881890,392857965,392853609,1178619634,392888457,392879745,3535672981,2017084352,1756285761,973889988,1178655769,392852619,1178557858,3535673575,2017086134,1756291107,973906026,2921718079,175219646,1178558155,1178587558,392870241,1178643394,1178561818,1757322885,977001360,2931004081,1178589538,1178582608,1178576074,1178572213,392882451,392888985,392849847,1178549542,3535648627,2017011290,392853147,1178559442,3535678327,2017100390,1756333875,974034330,1178556472,392861958,1178556571,392859813,392867469,392878359,969928602,
nm.c:get_relocs,25
392845095,1178551621,392848428,392869119,392849583,392857206,392849616,392859417,392855292,1178546374,1178549839,392857569,392907696,392900073,392848923,392849979,392859780,392864202,392848989,3419326753,392838198,1178514595,392838231,1178514694,392838264,
bucomm.c:bfd_nonfatal,6
2010369081,2010364758,2010372414,2010398550,2010372480,2010394260,
bucomm.c:bfd_nonfatal_message,14
2010370071,2010371259,2010386505,2010365880,2010371391,2010370368,2010376935,2010366111,2010373767,2010373833,2010366276,2010376143,2010377265,2010371886,
bucomm.c:bfd_get_archive_filename,21
2010379641,2010390597,2010402576,2010387363,1736194794,913617087,2010399441,1736231028,2010394029,2010394062,2010391884,2010388683,1736198754,2010385449,2010389838,2010388782,2010389937,2010406272,1736251521,2010382347,1846872495,
bucomm.c:report,5
1736146482,2010372381,2010389805,2010373503,2010362646,
bucomm.c:non_fatal,5
913472151,1736149848,1736202120,1736153214,1736120643,
bucomm.c:set_default_bfd_target,1
2010370401,
bucomm.c:list_matching_formats,10
2010372975,2010374097,2010413301,2010371952,2010364329,2010376341,2010392676,1736148561,1736125692,2010378552,
bucomm.c:list_supported_targets,7
2010374559,2010378024,2010393270,2010387858,1736166777,913533036,1736212515,
bucomm.c:list_supported_architectures,6
2010375219,2010408054,2010365583,2010388485,1736256867,1736129454,
bucomm.c:display_info,54
2010384063,2010383238,2010381093,2010382380,2740599109,2010384294,2010413565,2010384492,1736179845,2010414060,2010406437,2010390069,2010382446,2010397758,2010409737,1736261916,2010384723,1736202912,1736180043,2010382941,2010393864,2010408021,1736256768,1736181528,2010385383,1736188854,2010377364,2010437259,913599267,2010418680,1736164797,1736344482,2010384426,2010378981,1736169648,913541649,2740624948,2010382281,1736215485,913679160,2010400794,2010394359,2010406338,1736251719,2010371523,2740797802,1736147274,1736186874,3927426111,3192343742,1736288745,1736274885,1736252016,2010384657,
bucomm.c:print_arelt_descr,24
2010377430,2010381852,1736178261,2010415611,2010393963,2010381984,2010393039,2010393237,2010387825,2010386769,2010389046,913818453,2010396834,2010378387,2010382809,1736181132,2010422013,2010415479,2010431847,2010389409,1736200932,2010428613,2010422079,2010431913,
bucomm.c:make_tempname,5
2010386043,2010379938,2010396273,913670250,2010384195,
bucomm.c:make_tempdir,4
1736190834,1736172519,1736221524,2741010751,
bucomm.c:parse_vma,3
2010383502,2010382413,1736196279,
bucomm.c:get_file_size,12
2010393798,2010412410,2010387429,1736214594,2010404985,2010388716,1736198853,2010390960,1736205585,2010397560,913787268,2010397692,
bucomm.c:is_valid_archive_path,36
2010384954,1736187567,913595406,2740786219,3927391362,3192239495,986783894,2960351683,2010388320,2010380697,2010389475,2010392742,2010403632,2010409077,2010424323,1736305674,2010433035,1736331810,914028135,2742084406,2010392841,1736211228,2010401553,1736237364,913744797,2741234392,913666389,2740999168,2010392907,1736211426,913666983,2741000950,1736197665,1736174796,3928035555,3194172074,
bucomm.c:do_display_target,43
2010381324,1736176677,2010379212,2010385746,2010396702,2010403236,2010423927,2010405480,2010384789,2010413136,2010403335,2010385944,2010414324,2010375120,2010388188,2010367497,2010405612,2010419835,2010391554,1736130345,913423740,2010391587,2740271221,3925846368,2010394920,2010412344,2010377529,2010395019,2010386340,2010378783,2010395184,2010390894,2010383304,2010371589,1736147472,913475121,2010379311,2010392379,2010371688,1736147769,2010438117,2010408582,2010383865,
archive.c:_bfd_ar_spacepad,2
3481744042,3481750675,
archive.c:_bfd_ar_sizepad,3
3481744603,3481744768,3481751401,
archive.c:_bfd_generic_mkarchive,2
3481763776,3481760542,
archive.c:bfd_get_next_mapent,10
3481743316,1855295357,3481747870,3481751269,3481771960,3481748002,3481749190,3481769881,3481778593,3481745923,
archive.c:bfd_set_archive_head,1
3481770772,
archive.c:_bfd_look_for_bfd_in_cache,10
3481761202,3481786249,3481746055,3481743943,3481749487,3481783444,3481751863,3481770376,1855376537,3481759519,
archive.c:_bfd_add_bfd_to_archive_cache,12
3481762918,3481787965,3481757572,3481762060,3481745791,3481777372,3481753579,3481755790,3481805917,3481741765,3481782058,3481772290,
archive.c:hash_file_ptr,1
3481789219,
archive.c:eq_file_ptr,3
3481754701,3481768858,3481759057,
archive.c:_bfd_calloc_wrapper,2
3481748464,1855310801,
archive.c:_bfd_generic_read_ar_hdr_mag,82
3481801396,3481773148,3481750411,3481786348,3481759156,3481750477,3481783147,3481752853,3481759420,3481762720,3481762786,3481756285,3481752226,3481768561,3481756615,3481772950,3481780606,1855407227,3481804564,3481754503,3481775194,3481791529,1855316642,3481748332,3481754866,3481779913,3481800604,3481776646,3481748563,1855311098,3481781233,3481786678,3481798657,3481805191,3481753051,3481759585,3481752292,3481772983,3481789318,3481765492,3481756912,1855336145,1271041140,3813123421,2849435672,4253339721,4170084572,3920319125,3171022784,923133761,3481764700,1855359509,3481765921,3481795489,3481771630,3481796017,1855453460,3481759024,3481791760,1855440689,3481755856,3481794004,1855447421,3481759255,1855347035,1271073810,3481752160,3481771762,3481767373,3481768660,3481770904,3481768726,3481767670,3481763347,3481763413,3481767802,3481770079,3481758166,3481763644,3481760410,3481753876,3481780012,
archive.c:_bfd_append_relative_path,4
3481782586,3481765327,3481764403,3481768891,
archive.c:_bfd_get_elt_at_filepos,82
1855349015,1855424156,1855303574,1855297238,1855313870,1855415741,1855320998,1271162316,3813486949,1855343966,3481755262,3481757539,3481795753,1855452668,3481826245,3481778428,3481755625,1855332284,3481762258,1855352183,1271089254,3813267763,2849868698,4254638799,4173981806,3932010827,3481766713,3481775656,3481783279,3481784170,3481795060,4024349937,3481753909,3481784500,3481795390,1368344407,1855327136,3481757440,3481747639,3481764007,3481770541,3481753183,3481778296,3481766317,1855364360,3481777240,3481765261,3481766383,3481781431,3481768363,3481776019,3481762819,3481815256,3481764106,3481775161,1855337729,1855308326,1855357430,1855377032,1855324958,1855400297,1271125785,3813377356,1855397129,1855361192,1855364558,3481763677,3481774765,3481757407,1855337630,3481772719,3481782652,3481772851,3481775062,1855384358,3481780705,3481767637,1855368320,3481790671,3481778692,3481758067,3481773445,
archive.c:_bfd_generic_get_elt_at_index,4
3481762951,3481783642,3481803277,1855475240,
archive.c:bfd_openr_next_archived_file,6
3481760707,3481787932,3481773808,3481784698,3481763116,1855354757,
archive.c:bfd_generic_openr_next_archived_file,10
3481761235,3481771069,3481795027,3481785325,3481766845,1855365944,3481779979,1855405346,3481786744,3481772587,
archive.c:bfd_generic_archive_p,43
3481796314,3481784401,3481790011,3481824859,1855425641,1271309628,3481761763,3481795522,3481767241,1855367132,3481771795,3481777339,3481781728,3481781794,3481757968,3481799350,3481763710,1855356539,1271102322,3481767010,1855366439,1271132022,3481785589,3481783477,3481782421,3481769485,1855354262,3481791265,1855439204,1855347530,1855429205,1855386833,1855419503,1271096976,3813290929,3481774369,3481786414,1855424651,3481764667,3481775590,3481790836,3481781035,3481773610,
archive.c:bfd_slurp_armap,67
3481773379,1855385744,3481817104,3481771465,1855379804,1855389704,1271201817,3481777009,1855396436,3481790044,3481796941,1855456232,3481776283,3481788328,3481799317,1855437422,3813605452,3481800010,3481781596,3481786018,3481783906,3481807897,3481779715,3481809184,3481817929,3481791859,3481780078,3481804036,1855435442,3481792222,3481784632,3481778197,3481781530,1855405643,3481778395,3481788262,3481794895,1271305173,3813915520,3481794103,3481797403,1855457618,3481776745,3481774633,3481769188,3481790968,3481777933,3481772488,3481794268,3481778032,3481798690,1855461479,3481797997,3481777075,1855396634,3481777405,1855397624,3481816873,3481809349,3481840996,3481785523,3481776844,1855395941,3481772521,1855382972,3481788988,1855432373,
archive.c:do_slurp_bsd_armap,33
3481787635,3481794334,1855448411,3481773676,3481785721,3481778230,3481776184,3481810042,1855430393,3481786381,1855424552,3481784203,3481808194,3481776877,3481772620,3481761730,3481779253,3481767307,3481787041,3481776151,3481796809,3481779517,1855403960,1855479101,1855397426,3481787173,1855426928,3481784995,1855426532,1855393862,3481791694,3481783114,1855414751,
archive.c:_bfd_slurp_extended_name_table,56
3481790902,3481811593,3481844263,3481807336,3481823737,3481780276,1855406237,3481775953,1855393268,3481770574,3481807600,3481770607,3481813078,3481808854,1855491971,3481788196,3481791562,3481787239,3481774270,3481816741,3481774303,3481811329,1855401485,3481799383,3481815718,3481771201,3481808227,3481771234,3481813705,1855438313,3481811659,3481841062,3481794301,3481793278,3481813969,3481771531,3481808557,3481789285,3481809976,3481803508,3481790440,3481782883,1855401188,3481785127,3481787338,3481803673,3481813474,3481776448,3481831987,3481778659,3481785193,3481783048,1855414058,3481777669,3481775623,3481817038,
archive.c:_bfd_archive_bsd_construct_extended_name_table,1
3481784104,
archive.c:_bfd_construct_extended_name_table,131
3481803904,1855477121,3481787800,4270630954,3481793410,4154234395,390747064,3481788163,1855429898,3481815454,1855450094,3481785094,3481790572,1855437125,1271344080,3481804762,3481817830,1855421384,3481846309,3481787734,1855428611,1271318538,3813955615,2851932254,4260829467,4192553810,3987726839,3481791034,1855438511,1271348238,3814044715,2852199554,4261631367,4194959510,3994943939,3394897226,1594757087,489303966,1467911899,3481834627,3481826377,3481797007,3481798261,3481786315,3481842943,3481805323,1855481378,3481836937,3481799944,3481786909,1855426136,3481814134,1855507811,3481810867,3481800142,3481796908,3481807831,1855488902,3481781695,3481805653,2304617875,1855445639,3481801462,1271344971,1855450589,3481790803,3266885065,3481796479,3481791925,3531527374,3481821724,3481791298,1855439303,3481797964,1271322399,3481793641,1855446332,1271371701,1271499411,3481820899,3481788427,3481849411,3481796116,1855453757,1271393976,3814181929,2852611196,4262866293,4198664288,4006058273,3481791793,1855440788,1271355069,3814065208,2852261033,4261815804,4195512821,3996603872,3399877025,1609696484,534122157,1602366472,3481837564,3481796413,3481800934,3481815091,1855510682,3481807633,1855488308,3481796776,3481786183,3481803607,1154882280,1120687361,3481809151,3481804894,1855480091,3481802716,3481789681,1855434452,3481832152,3481839775,3481827928,1855454648,1855297535,1855317434,1270925310,1270985007,3481797700,194847107,1855454846,
archive.c:_bfd_archive_coff_construct_extended_name_table,1
1855418909,
archive.c:adjust_relative_path,63
3481789615,3481788625,3481786711,1855425542,3481796512,1855454945,1271397540,3814192621,1271309331,3813927994,3481786777,1855425740,3481796578,1855455143,1271398134,3814194403,1271309925,3813929776,3481783576,1271320320,3481799911,3481804267,3481828225,3481822813,3481782817,1855390991,3481781761,1855410692,1271264781,3813794344,1855417721,3481781959,1271354772,3481781992,512132121,1855413860,1271205678,3481780177,1855442075,128400891,3481781464,1855409801,1271262108,3813786325,2851424384,4259305857,3813960961,3481787206,3481785028,1855420691,3481793806,3481781860,3481793872,3481789549,3481793938,1271374968,3481784302,3481794136,3481781167,1855447817,3481790869,3481781299,3481784830,
archive.c:_bfd_archive_bsd44_construct_extended_name_table,25
3481810339,1855496426,1855447718,1271376156,3481791991,462981168,3481799713,3481844461,3481802122,3481805488,3481790242,3481789186,3481802254,1855481873,1271478324,1855436135,3481799086,3481813243,1855495535,1271519310,3481825387,3812775931,3812955022,674625372,1855464548,
archive.c:_bfd_generic_write_ar_hdr,3
3481809481,1855493852,3481835683,
archive.c:_bfd_bsd44_write_ar_hdr,24
3481809877,1855495040,3481791430,1855439699,1271351802,3814055407,2852231630,4261727595,4195248194,3995809991,3397495382,1602551555,3481841623,3481791661,1855440392,1271353881,3481792849,1855512563,3481797172,3481840864,3481835518,3481800769,3481827070,3481841425,
archive.c:bfd_generic_stat_arch_elt,20
3481803376,3481815355,3481799218,1855463063,1855469795,3481793839,1855446926,1271373483,1855447025,1271373780,3814121341,3481793905,1855447124,1271374077,1855447223,1271374374,3814123123,1271521983,3481833208,3481808161,
archive.c:bfd_dont_truncate_arname,21
3481811956,1855501277,3481800043,3481856671,3481813012,1855504445,3481807699,3481807996,3481825453,1855541768,3481798228,3481823275,3481808986,3481807072,3481807204,1855500188,3481833373,3481824694,1855539491,3481797469,3481822516,
archive.c:bfd_bsd_truncate_arname,8
1271546040,3814638121,1855488506,1855489397,1271658009,3814974028,1855460093,1855535234,
archive.c:bfd_gnu_truncate_arname,18
3481814068,1855507613,3481808755,3481806775,1855485734,3481829644,3481842712,1855593545,3481865581,3481798129,3481825354,3481798162,1855541570,3481809217,3481826674,1855545431,3481799449,3481824496,
archive.c:_bfd_write_archive_contents,125
3481804333,1855504643,3481810933,3481821856,169806733,3481812418,2160791874,3481807237,1855487120,1271494065,3814482196,3481818292,3481808491,3481848883,3481814794,3481839841,3481860631,3481809514,3481809547,3481810669,3481818325,3481810702,3481827103,3481802320,3481839346,3481812187,3814557931,3481810075,3481811197,3481800472,3481802914,2848393202,2848930475,3481805389,4250212311,4251824130,3481805686,4160702342,4165537799,3481803574,3892172435,3906678806,3481737706,1855278527,3481863700,3481797271,3481821625,1855441382,3481821427,3481811626,1855500386,1855530284,1855465538,1271429319,3814287958,2852929283,4263820554,3481821955,1855482467,1602597113,1855502663,1855479695,1271471790,3814415371,3481847365,1271464068,3814392205,3481810537,3481804102,3481816081,3481866241,1855497515,3481804300,2853979772,3481827334,3481806742,1855495337,3481804630,3481802518,3481817797,3481826509,3481846111,3481842844,3481810240,3481824397,3481841887,3366797590,3481814860,3481833505,1855565924,3481810735,1855497614,1271525547,3481809712,1855494545,3481856605,3481805521,3481811098,1855492367,3481842778,3481829776,3481840798,1855481972,3481811560,1855500089,3481839874,3481843207,2435013870,1855509989,1855520384,3481807798,1855488803,1271499114,3814497343,2853557438,4265705019,4207180466,4031606807,3504885830,1924722899,1479201402,142636911,427910734,1283732203,3851196610,
archive.c:_bfd_compute_and_write_armap,85
3481816510,3481812352,3481820173,3481818127,1271533269,3481807270,1855487219,1271494362,3481862809,3481835617,3481850863,3481826905,3814599808,2719407518,1271593857,3481812979,3481809745,3481854394,3481816477,1855514840,3481818688,3481818787,3481823209,3481821097,1855516028,3481822417,1855532660,3481824628,3481843306,3481827037,1855546520,3481846639,3481843405,3481829413,3481816378,1855514543,3481817500,3481827499,3481822219,3481816972,3481835485,1855516325,3481844197,3481812649,3481831162,1855503356,1855585031,3481812682,1855503455,1271543070,3814629211,2853953042,4266891831,3481833439,3481832482,3481850995,3481812946,3481834726,3481839115,3481831558,3481838092,3481835980,3481817467,3481842514,3481840402,3481821889,3481848025,3481866538,3481829545,3481837168,3481829578,3481837201,1855595327,3481814662,1855509395,1271560890,1343541250,3814781572,3481813771,1855506722,3481821493,3481816114,3481821823,3481816444,3481824133,
archive.c:_bfd_bsd_write_armap,66
3481832812,3481826212,3481829677,3481831855,3481837300,3481841788,3481836409,3481858189,3481835419,1855598000,3481826773,3481829182,1855563845,3481810009,3481848124,3481822087,3481859113,3481832020,3481853800,3481859278,1855492961,3481847299,1855497020,3481846474,1855572458,3086582714,3130101827,669813551,800370890,2009440654,2401112671,3481816180,3481810801,3481815223,1855498208,1271527329,3481857793,3481828522,1855561469,3481834198,3481839643,3481844131,3481838752,3481860532,3481837762,3481846540,3481829116,3481831525,1855514939,1271577522,3814732567,2854263110,3481816543,1855515038,3481813342,3481835122,1271540694,3814622083,1855643243,3481852876,1855624037,3481839808,3481866010,3481836475,3481817203,3481848850,
archive.c:_bfd_archive_bsd_update_armap_timestamp,16
3481825552,3481862578,3481847530,3481836871,3481851028,3481871719,3481847761,3481864261,3481814167,3481852282,1733354667,2908370718,3481814431,3481850368,3481884193,3481815652,
archive.c:_bfd_coff_write_armap,60
3481820371,3749095342,3481832779,3481851292,724605263,3481866703,3481868881,3481874326,1855570775,1855665518,1855672052,1855688387,3481827895,1855549094,3481847596,1855608197,2835512805,1855563746,3481833736,3481822879,3481830601,3481867627,905096706,135177563,2715290119,405532690,3850903062,1216598071,2962774595,3649794214,1270868286,3812604859,3481817731,1855532066,3481823407,4029831262,3481834693,3481853206,3541070911,3481868617,3481870795,3481876240,1271657415,3481837036,1855671260,1855677794,1855694129,3481829908,1855555133,3481849609,1855614236,969383018,1855569488,3481843339,3481859740,1855644629,3481846672,3481872874,1855595426,3481855714,
archive.c:_bfd_unlink_from_archive_parent,11
3481825123,3481846903,3481852414,3481856803,1855554341,3481839610,3481830898,3481832053,1271668998,3815006995,2855086394,
archive.c:_bfd_archive_close_and_cleanup,19
3481825915,1855543154,1271662167,3814986502,3481855318,3481862941,3481845748,3481826146,3481837102,1855543847,3481833967,3481854658,3481830733,3481823242,3481850467,3481833241,3481826707,3481838719,3481845253,
archive.c:archive_close_worker,2
3481867297,1855608692,
bfd.c:bfd_get_error,1
375701993,
bfd.c:bfd_set_error,2
375705920,375710309,
bfd.c:_bfd_abort,1
375733409,
bfd.c:bfd_set_input_error,4
375706712,375706745,375708956,375713345,
bfd.c:bfd_errmsg,11
375711893,375733772,375753440,375765419,375697934,375703412,375712322,375718889,375712421,375704897,1127114692,
bfd.c:bfd_perror,9
375706679,375711068,375723047,375732848,375710012,1127105980,375710078,3381317941,375706844,
bfd.c:_bfd_error_handler,1
375717173,
bfd.c:bfd_set_error_handler,2
375725489,375739679,
bfd.c:bfd_set_error_program_name,1
375744728,
bfd.c:bfd_set_assert_handler,2
375728294,375742484,
bfd.c:bfd_get_reloc_upper_bound,5
375732650,375740273,1127117761,375729581,1127188744,
bfd.c:bfd_canonicalize_reloc,5
375733838,375741461,3381353284,375730769,1127192308,
bfd.c:bfd_set_file_flags,14
375735488,375743111,1554125261,375729152,1127187457,3381562372,1554752525,367408488,375753308,1127259925,375739184,1127217553,375776210,1102225465,
bfd.c:bfd_assert,1
375727634,
bfd.c:bfd_get_arch_size,8
375737831,375744365,375753077,375736775,1127210326,375768356,375771623,375770600,
bfd.c:bfd_get_sign_extend_vma,29
375732353,1127197060,375757400,1127213494,3381640483,375769412,375735719,1127207158,375732683,1127198050,375735983,375763208,375736016,375764330,375736049,375765452,375736082,375766574,375736115,375776408,375736148,375777530,375736181,375771029,375736214,375774329,375733046,1127199139,3306676396,
bfd.c:bfd_set_start_address,1
375751262,
bfd.c:bfd_get_gp_size,12
375741032,375748655,375745454,375751988,375760700,3381630979,375757466,375750965,375757499,375766211,375736841,1127210524,
bfd.c:bfd_set_gp_size,12
375741923,375749546,375742022,375748556,375757268,375733343,375762746,375747533,375754067,375762779,1127200228,375754100,
bfd.c:_bfd_get_gp_value,13
375738095,375742517,375750140,375742616,375749150,375757862,375741560,375762251,375748127,375754661,375763373,375741626,1127224879,
bfd.c:_bfd_set_gp_value,13
375738689,1127229334,375750734,375743210,375749744,375758456,375734531,375758489,375748721,375755255,375763967,375734597,375749843,
bfd.c:bfd_get_relocated_section_contents,7
375758918,375764363,375779675,375789476,375756839,375754859,375761393,
bfd.c:bfd_record_phdr,19
375746873,1127240620,375771920,375749249,375753704,375754826,1127264578,375761426,375762614,375752846,375753968,375755156,1127265469,375776936,375781292,375798716,1127330809,1127343877,375747599,
bfd.c:bfd_sprintf_vma,9
375747962,1127243887,375773009,375787397,375788321,1127364964,375761129,375764396,375774197,
bfd.c:bfd_fprintf_vma,9
3381731662,1555260395,1127319028,1127362192,3382094893,1556350088,1127283388,1127293189,1127322592,
bfd.c:bfd_alt_mach_code,17
375749909,1127249728,375774956,375750041,375754496,1127263489,375786077,375754628,1127263885,375786209,1127270518,1127264479,3381793438,375786407,375757037,375750767,375785615,
bfd.c:bfd_emul_get_maxpagesize,5
375759347,375763736,375772448,375757235,375796439,
bfd.c:bfd_emul_set_maxpagesize,1
375753176,
bfd.c:bfd_elf_set_pagesize,10
375760799,375769511,375758753,375782744,375794723,375761063,375752351,1127293090,375785054,375782909,
bfd.c:bfd_emul_get_commonpagesize,6
375761690,375766079,375774791,375760766,375758621,1810766376,
bfd.c:bfd_emul_set_commonpagesize,1
3381796408,
bfd.c:bfd_demangle,25
375771359,375761591,375768125,375761624,1127284873,375803006,375799739,375759743,375766277,375777167,375783701,1127283190,375767696,375756905,375776507,375763637,375761558,3381854620,375765023,375766409,375766640,375763406,375768950,375770138,375781061,
bfd.c:bfd_update_compression_header,41
375766673,375790631,375763472,1127290417,375788519,375767894,375797297,375757103,1127271310,375760469,375786605,1127359816,375770336,375773603,375783404,1127272201,3381816604,375757433,1127272300,3381816901,1127272399,3381817198,1555517003,375758060,375757763,1127273290,375757796,1127273389,375757829,1127273488,3381820465,1127273587,3381820762,1555527695,1127274181,1127284279,375787562,1127362687,1127284774,375780137,3381822544,
bfd.c:bfd_check_compression_header,27
375761723,1127285170,375786770,375766112,1127298337,375811850,375802148,1127406445,375771689,1127324869,375784757,375775055,1127325166,375775088,1127325265,375780566,1127341699,375775286,1127325859,375775319,1127325958,375780797,1127342392,375780863,375781985,375779873,375791885,
bfd.c:bfd_get_compression_header_size,14
375763307,1127289922,375788354,375772085,375773240,375779774,375775517,1127326552,375801653,375767993,1127303980,375799574,375802841,375812642,
bfd.c:bfd_convert_section_size,22
375764594,1127293783,375789641,1127303683,3381911050,375792941,375764759,1127294278,375796340,375799607,375768059,1127304178,375799640,375802907,375764792,375764924,1127294773,3381884320,375772679,375779213,375775022,375775154,
bfd.c:bfd_convert_section_contents,59
375766508,1127299525,375791555,375769808,1127309425,375794855,1127300020,3381900061,375798254,375801521,375769973,1127309920,375801554,375804821,375766706,375766838,1127300515,3381901546,375774626,375781160,375778058,375774890,375778322,375783866,1127351599,375783899,1127351698,375789377,1127368132,375771425,375782447,375784229,1127352688,375784262,1127352787,375789740,1127369221,1127314276,375768554,1127305663,375768587,1127305762,375768620,1127305861,375800630,375806075,375768785,1127306356,375768818,1127306455,375768851,1127306554,375768884,1127306653,375801818,375807263,375775715,375774659,375775847,
bfd.c:error_handler_internal,324
375730868,1127192605,3381577816,1554798857,369429276,1108287829,3324863488,1384655873,4153967620,375716183,375721628,375717338,375722783,375718526,375722981,375730604,1127148550,1127164885,375714665,375720110,375731000,1127193001,3381579004,1554802421,375750602,375758225,375724532,375718163,375710540,1127154490,1127131621,375714995,375720440,375719549,375724994,375735884,1127207653,3381622960,1554934289,375755486,375763109,375725060,1127191813,375715424,375738293,375721034,1127163103,3381489310,375713411,1554533339,368632722,1105898167,1127140234,375715721,375721166,375720176,375725621,375717107,375722552,375733442,1127200327,3381600982,1554868355,375753044,375760667,375730241,375728162,375712982,375735851,375718592,1127155777,3381467332,375710969,1554467405,368434920,1105304761,1127132908,375719780,375712157,375725291,375716579,1127159341,1127136472,375731330,375721661,375712949,375716546,375716678,375729515,375723509,375728954,375739844,375745289,375727040,375715127,375734729,3381445651,3381494656,375729878,375727766,375736478,375719054,1127186863,3381560590,1554747179,369274242,1107822727,3323468182,1380469955,4141409866,375726776,375729053,1127187160,3381561481,1554749852,369282261,1107846784,3323540353,1380686468,375726875,1127190724,3381572173,1554781928,369378489,1108135468,3324406405,1383284624,4149853873,375728063,375729251,1127187754,3381563263,1554755198,369298299,1107894898,3323684695,1381119494,375727073,375730439,1127191318,3381573955,1554787274,369394527,375728261,375729449,1127188348,3381565045,1554760544,369314337,1107943012,3323829037,1381552520,375727271,1127189635,375724268,375719978,375746114,1127182903,375745058,375727700,375729944,375707834,375713279,375709055,375714500,375710276,375706052,375714830,375722453,375713114,375710936,1127120137,3381409417,1127169142,3381507427,1554587690,368795775,375742649,375750272,1127149738,375710210,375702587,375715688,375713510,1127130631,1127107762,375707042,375712487,375711629,375717074,375727964,1127183893,3381551680,1554720449,375747566,375755189,375717140,375721595,375739019,375716150,1127138848,375713081,1127139244,3381417733,375705458,375718559,375716381,1554318608,367988529,1103965588,1127116375,375707768,375713213,375718757,3381449215,375712256,375717701,375709220,1127143996,375725555,1127176666,3381529999,1554655406,375745157,375752780,375722354,375719186,375736610,375713741,3381394864,375710672,1127132017,3381396052,375703049,1127148451,375713972,1554253565,367793400,1103380201,1127109148,375711860,375704237,375717371,375708659,375717833,1127135581,1127112712,375715787,375713609,375711464,375723476,375713774,375705062,375708758,375706613,1127119840,375708890,375705722,1127117167,375705821,1127117464,375706217,1127118652,375721991,375707867,1127123602,375710177,1127130532,375711563,1127134690,375716018,375721463,375729350,375743507,375717404,375721892,375718658,375716513,1127149540,1127224681,1127149639,3381448918,375742682,375723113,375743804,375719879,1127159638,1127143501,3381430504,375739547,375721067,1127163202,3381489607,1554534230,368635395,1105906186,3317718559,1363221086,375721100,375724400,375720077,375756047,375751757,375722420,375727865,375725852,375740009,375719351,375726017,375719483,375716249,1127148748,3381446245,375722849,375735917,375722882,1127260321,375707801,1127123404,375724367,1127123503,1127139838,375730076,375724664,
format.c:bfd_check_format_matches,200
3212798193,3212775423,3212774367,3212766810,1048365839,3145097518,845357963,3212791890,3212799513,3212772486,3212780109,3212777964,3212785587,3212788920,3212787831,3212812878,3212807565,3212771694,3212776215,1048394054,3212781693,3212779548,3212767668,3212814561,3212780901,1048408112,3145224337,845738420,3212771166,3212779284,3212809776,3212781858,3212778657,3212799348,3212808060,763725192,3212772288,3212781000,3212776677,3212770143,3212798457,3212807169,3212776083,3212776116,3212771793,1048380788,3145182163,3212782419,3212780241,3212816244,3212776248,1048394153,3145182460,845612789,3212773014,3212770011,3212778723,3212787468,2863755828,3212779977,3212787600,3212778525,3212776809,3212784432,3212774664,1048389401,3212788854,3212783574,3212780307,3212765193,3212796774,3212791428,3212791593,3212794167,3212790900,3212783310,3212802978,3212765952,3212800800,3212790603,3212775357,3212788458,3212779746,3212784135,1048391678,3212787435,1048401578,3212792946,3212784234,3212783178,1048408409,3212776710,3212787633,3212778921,3212781132,3212772618,3212798853,1048463453,1048489589,3212782650,3212783838,3212790537,3212787270,1048382273,3212806047,3212788689,3212784597,3212808621,3212794530,3212805420,3212775093,1048390688,3212795784,1048416923,3212800173,3212780505,1048448999,1048481669,3212772321,3212806080,3212825682,3212783409,1048415636,3212786709,3212803044,3212787699,3212782683,3212790306,3212789613,3212776545,3212789646,3212776578,3212785323,3212772255,1048382174,3212788656,3212775588,1048447910,3212781099,3212789844,3212776776,3212788788,3212775720,3212791098,3212778063,3212786049,3212785026,3212789514,1048393658,1048393757,3145142365,845492504,845611898,3212817927,1048418111,3145254334,845828411,2537485234,3212770110,3212784564,3212795454,3212793309,1048445336,3212778129,3212787072,3212786148,3212788359,1048430486,3212778591,1048430783,3212796081,1048434248,1048395044,1048434347,1048395143,1048421378,3145146523,845504978,1048431377,1048392173,3145343731,1048408706,1048434941,1048395737,1048431773,1048392569,1048438703,1048399598,3212782122,3212784333,1048418408,1048422170,3212774730,3212806311,3212797698,3212792319,1048442366,3212824989,3212822844,1048458503,
format.c:bfd_set_format,18
3212775687,1048392470,3145177411,845597642,3212801856,3212809479,3212782452,3212790075,3212787930,3212795553,3212785851,1048422962,3212777205,1048397024,3145191073,845638628,3212790339,1048436426,
format.c:bfd_format_string,5
3212792187,3212795487,3212772717,1048383560,3145150681,
opncls.c:_bfd_new_bfd,15
701775147,701769801,2105309404,701781846,2105345539,701779668,701769900,2105309701,701795046,2105385139,701777622,701779866,701784255,701783397,701771484,
opncls.c:_bfd_new_bfd_contained_in,18
701776500,701787456,701778744,701788578,2105339599,701777721,2105352766,701794089,701785377,701785410,701784354,2105353063,701800722,701792010,701794221,701785509,701793165,701784453,
opncls.c:_bfd_free_cached_info,4
701778777,701772243,701816991,701790987,
opncls.c:bfd_fopen,25
701779701,701781945,701786499,701782209,701778084,1631318953,701791317,701787324,701776566,701785278,701796168,701804880,701815770,701824482,2105336332,701787489,701781021,701789733,3711377765,1975791162,701777919,701791152,2105373457,702018951,2106056854,
opncls.c:_bfd_delete_bfd,7
701778216,701771682,701816430,701778414,701771880,701792604,701780658,
opncls.c:bfd_fdopenr,3
701787588,701790921,701785575,
opncls.c:bfd_openstreamr,7
701785872,701792538,701792736,701792835,701793957,2105381872,701783133,
opncls.c:bfd_openr_iovec,13
701792373,701799039,701799303,701800425,2105401276,701795112,701800590,701796432,701795376,701795409,701794353,701796597,701799897,
opncls.c:bfd_zalloc,1
2105401771,
opncls.c:bfd_openw,6
701794584,701801250,701801514,701802636,2105407909,701812503,
opncls.c:bfd_close,9
701791680,2105375041,2021157828,1768506189,701798280,2105394841,2021217228,1768684389,1011085872,
opncls.c:bfd_close_all_done,16
2021188122,1768597071,1010823918,701801679,701809302,701824548,701796696,701807586,701801085,701831577,701807751,701825175,701790459,2105371378,2105404543,701796135,
opncls.c:bfd_create,7
701799468,701806134,701794188,701813823,701804022,701807322,2105421967,
opncls.c:bfd_make_writable,9
701801712,701812602,701799765,701807454,701804352,701804385,701805507,701808807,701804484,
opncls.c:bfd_make_readable,23
701803131,701814021,701846691,701853225,701798973,2105396920,2021223465,1768703100,1011142005,701799072,2105397217,2021224356,701810061,701805771,701806893,701811282,701806959,701814681,701810556,701809500,701809533,701811744,701810688,
opncls.c:bfd_alloc,13
701828145,701801118,2105403355,2021242770,1768761015,1011315750,3033947251,511907162,1535721487,312197166,936591499,2809774498,701803329,
opncls.c:bfd_alloc2,3
701815968,701808378,2105428501,
opncls.c:bfd_zalloc2,4
701817651,2105430184,701811183,2105405038,
opncls.c:bfd_release,1
701848869,
opncls.c:bfd_calc_gnu_debuglink_crc32,6
701817321,701829300,701830422,701809731,2105429194,2105487901,
opncls.c:bfd_get_debug_link_info_1,17
701802339,701802372,701812305,701810226,2105437510,701825571,701808246,701811579,701821380,701808345,701820489,701823888,701813097,2105439292,2021350581,1769084448,701810919,
opncls.c:bfd_get_alt_debug_link_info,19
701805276,701805309,701805342,701815275,701813196,701815407,701828475,701811150,701814483,701824284,701811249,701823393,701829993,701826726,701820291,701820324,701830158,701839959,701859561,
opncls.c:find_separate_debug_file,54
701810259,701837517,701821314,701831115,2105461468,701815143,701823855,701815374,701845932,701865534,701814384,2105443153,2021362164,1769119197,1012390296,3037170889,521578076,1564734229,2105596603,701824317,701836461,701815803,1177008145,701843391,701869560,701818410,2105455231,2021398398,1769227899,1012716402,2105608681,701811942,701838078,701831907,701827881,701817420,701817585,701817816,701818080,701830356,3038149207,524513030,701849991,701818443,701832600,701813031,2105439094,701830620,701838243,2105514730,701869824,701813229,2105439688,701818806,
opncls.c:separate_debug_file_exists,13
701807223,701807256,701813856,701813955,701867415,2105451964,2021496408,2105491267,2021320287,1768993566,1769521929,2105602246,701819664,
opncls.c:get_alt_debug_link_info_shim,2
701827155,701822898,
opncls.c:separate_alt_debug_file_exists,2
2105425036,701814978,
opncls.c:bfd_create_gnu_debuglink_section,6
701828244,701850024,701823129,701828871,701825934,701843028,
opncls.c:bfd_fill_in_gnu_debuglink_section,18
701830719,701848143,701869923,701833326,701884740,2021388597,1013598492,2021506506,1012013403,3036040210,3040795477,2105654221,701836230,701840850,701822403,2105467210,2021434335,701829003,
opncls.c:get_build_id_name,16
701837022,701855535,701865336,701891472,701841609,701885301,701837418,701843094,701867151,701830125,701833425,701828013,701869428,701832402,2105484040,2105530174,
opncls.c:check_build_id_file,12
701829102,701829135,701839035,701835900,701843754,701847219,701850552,701875599,701855997,701895234,701835339,701901768,
opncls.c:opncls_bread,7
701828838,701804913,701825604,701853918,701790822,701791977,2105375932,
opncls.c:opncls_btell,2
701828178,701792274,
opncls.c:opncls_bseek,5
701828409,701779437,701809995,701810028,2105430085,
opncls.c:opncls_bclose,6
701829498,2021146839,701796993,701799204,701819895,701797059,
opncls.c:opncls_bstat,5
2105490475,701791053,701796498,701795508,701815110,
opncls.c:get_build_id,45
701823756,701834712,2105484535,701854314,701865204,701870649,701866359,701833788,701831808,701834052,701829894,701833227,2105529085,2105489980,2105497207,701834613,701835801,701857713,701839233,2105517700,701841444,2105524333,701841510,2105524531,701862234,701860056,701843820,701844942,701847153,701833029,2105499088,2021529969,1769622612,1013900541,3041701624,535170281,1605510844,2105541658,701838540,701836428,701839893,701836692,701842269,701842335,701832567,
section.c:bfd_section_hash_newfunc,3
129998960,130003448,129999290,
section.c:_bfd_generic_new_section_hook,11
130008596,390025789,130006418,130010807,130025063,129998927,130013084,130014206,130016417,130014272,130015427,
section.c:bfd_section_list_clear,3
130020410,130012820,130018298,
section.c:bfd_get_section_by_name,1
129999389,
section.c:bfd_get_next_section_by_name,17
130010213,130005890,1027117265,130001600,130009289,130014734,130001699,390005098,130035458,4251924023,390004801,130002887,130025822,130032356,389998168,390077467,390097069,
section.c:bfd_get_linker_section,4
1169994505,130024568,130055060,130006055,
section.c:bfd_get_section_by_name_if,10
130003019,130012919,130011896,130017341,129997772,389993317,130031531,129997805,130064135,390019255,
section.c:bfd_get_unique_section_name,7
130007540,130007672,130005527,2670245167,130010048,129999257,130007012,
section.c:bfd_make_section_old_way,38
130009223,130002689,390008662,130042091,130008398,130047602,130008464,130047668,130008530,130047734,130010939,130017605,130023050,130018892,130004900,130002722,390044203,130006022,390018166,129996320,389988961,1169966884,130006220,390018661,130010609,390031828,129989951,389969854,1169909563,3509728690,1939251479,1522787142,273394131,4065243005,820182394,1170054499,3510163498,1940555903,
section.c:bfd_make_section_anyway_with_flags,30
130011434,390014701,390025195,130015064,130020509,130017539,130020938,130017803,130016747,1170044104,390008167,1170132610,390018067,1526700414,3509900653,1939767368,1524334809,1170055984,3510167953,1170095485,3510286456,2460547183,3086674254,670088171,2010264514,1735826247,912511446,2737534339,1234945657,3917635722,
section.c:bfd_make_section_with_flags,38
130012952,130030376,130048889,130042355,130007705,130046909,130011005,130050209,130011038,130050242,130011071,130050275,130011203,130017869,130023314,130019156,130020278,3510132313,1170024502,3510397831,1170054202,285133947,278037132,834111397,2502334192,1940569268,1526740509,1940924777,1527807036,3162972575,898983134,2696949403,3795880914,2797708151,4098157158,3704536883,696961969,2523676058,
section.c:bfd_set_section_flags,1
130021895,
section.c:bfd_rename_section,1
130024832,
section.c:bfd_map_over_sections,6
3911788548,130043510,3352261101,390130531,130024007,390042619,
section.c:bfd_sections_find_if,5
1148478131,130044665,130015295,1695727728,390133996,
section.c:bfd_set_section_size,3
130020641,130014107,130020839,
section.c:bfd_set_section_contents,22
130017935,130059317,130026845,130041035,1170232402,130035656,130017374,390052123,1170156370,3510469111,130026317,130016516,130042685,130052486,130029617,130032917,130042718,130016648,390049945,1170149836,130041794,390125383,
section.c:bfd_get_section_contents,23
130027802,130034336,130024733,130035623,130069382,130078094,1068626341,130043378,130028165,130037999,130025162,130029650,130057964,130029848,130054895,130033181,130042982,130032257,390096772,130049846,130059647,130022753,390068260,
section.c:bfd_malloc_and_get_section,1
130021235,
syms.c:bfd_is_local_label,7
3027862897,3027930415,3027861874,3027867319,3027859762,493644695,1480934086,
syms.c:bfd_set_symtab,8
3027865372,3027872995,3027891508,493739933,1481219800,148692105,3027882994,3027880849,
syms.c:bfd_print_symbol_vandf,21
3027881509,3027868507,3027877219,3027897943,3027915367,3027925168,3027898009,3027865537,3027861214,3027867781,3027861280,3027858046,3027858079,3027858112,3027864679,3027890815,3027864712,3027891937,3027865834,3027869167,3027865966,
syms.c:_bfd_generic_make_empty_symbol,2
3027861841,3027881476,
syms.c:bfd_decode_symclass,59
3027874579,3027865867,3027886558,493725083,1481175250,3027865933,493663208,3027879067,3027885601,3027875932,3027882466,3027866395,493664594,3027875173,3027881707,3027875239,3027881773,3027879727,3027886261,3027875536,3027882070,3027877780,3027884314,3027866989,493666376,3027881212,3027872500,3027900880,3027910681,3027867220,493667069,1481001208,3027882433,3027859564,3027874876,3027873688,3027897679,3027874282,3027880816,3027874348,3027880882,3027878770,3027885304,3027884281,493737854,3027875734,3027904048,493702610,493722212,493690037,3027881410,3027876031,3027882565,3027918502,3027925036,493693502,493713104,3027869530,493673999,
syms.c:bfd_is_undefined_symclass,3
3027881377,3027902068,3027922759,
syms.c:bfd_symbol_info,10
3027875470,493709540,493771613,493833686,3027889792,3027907216,3027917017,4042936960,3027886591,3027875701,
syms.c:_bfd_generic_read_minisymbols,16
3027870487,3027879232,493703105,3027879298,493703303,3027879331,3027879397,3027876262,3027880750,493707659,493707857,1481123572,493707956,3027880948,3027883357,3027879034,
syms.c:_bfd_generic_minisymbol_to_symbol,1
3027875371,
syms.c:_bfd_stab_section_find_nearest_line,364
3027879661,3027885139,3027882961,148403421,3027878671,3027907711,3027881608,3027887119,3027895831,3027914344,3027921967,3027896029,3027905830,3027889495,3027895039,3027903751,3027888505,3027882004,3027882037,2966454139,3027886756,3027892432,3027891376,3027888175,3027896887,3027915400,3027923023,3027889363,3027889396,3027885106,3027893818,3027912331,3027919954,3027886327,3027897382,3027907183,3027890848,3027884347,3027884380,2264000557,3027896425,3027905137,3027889891,3027883390,3027883423,697024866,3027891112,3027890056,3027889000,3027895534,3027914047,3027919492,3027926125,3027942460,3027884743,3027921835,3027937081,3027880453,3027885007,3027878473,3027904609,3027935299,493750526,3027897316,3027921274,3027933319,3027896359,3027896557,3027902134,3027906490,3027884908,3027888241,3027895864,3027905665,3027888340,3027895963,3027907942,3027884017,3027891640,3027897085,3027884050,3027891673,3027900385,3027884083,3027891706,445210264,3027884116,3027891739,3027899362,3027884149,3027891772,3027901573,3027884182,3027928831,3027887779,493728746,1481186239,148591422,445774267,3027892201,3027899824,3027892234,3027887878,3027894445,3027908602,3027918403,3027928204,493709639,1481128918,148419459,445258378,1335775135,493771811,493784879,3895150354,3027903652,3027913519,3027900451,493711421,3027897250,3027895171,3027876691,493695482,493725182,1481175547,3027924706,3027920581,3027927115,3027911869,3027886855,3027918436,3027888076,3027903322,3027883753,493716668,3027921868,3027882763,493713698,3027922231,3027928765,493805966,3027894874,3027876394,493694591,3027892795,3027909130,3027881971,493711322,3027900616,3027905005,3027941206,3027891145,493712708,3027909625,3027924904,3027931438,3027916192,3027887977,3027879265,3027914245,3027919690,3027939292,493729934,3027893653,493746368,3027897283,3027909328,493793393,3027887548,3027902794,3027907150,3027902827,3027908272,3027902860,493787057,3027902893,3027919228,3027902926,3027913816,3027902959,3027918205,3027914014,493807451,3027911836,3027899890,3027916522,493831310,3027896920,3027900220,3027923155,3027929689,3027914443,3027889429,3027921010,3027887482,493727855,493721321,493829231,3027926719,3027901672,3027897349,3027915037,493810520,3027912859,493827152,3027926026,3027900979,3027896656,3027919723,493824578,3027917545,3027905599,3027925267,3027930712,493782404,3027901342,3027914542,493809035,3027892762,3027908008,3027912364,3027908041,3027913486,3027908074,3027912430,3027908107,3027924442,3027908140,3027919030,3027908173,3027923419,493738844,1481138125,3027898570,3027910615,493797254,3027888835,3027904081,3027908437,3027904114,3027909559,3027904147,3027908503,3027904180,3027920515,3027904213,3027915103,3027904246,493823885,3027892399,3027907645,3027912001,493830914,3027928369,3027907678,3027913123,493788542,3027912067,3027907744,3027908998,3027893884,3027892960,3027893059,3027912661,3027907249,3027897448,3027907282,3027933418,3027897481,3027900814,3027907381,3027901309,3027899164,3027905797,3027923221,493835072,3027895996,493789433,3027929788,493854773,3027899296,3027895138,3027912562,493803095,3027916918,493762901,1481288704,3027910252,3027903718,493777553,493790918,1481372755,3027913981,536003166,3027915169,3027903223,3027916423,3027896821,3027897052,493730429,493740626,1481221879,3027893950,3027919063,493822598,3027916885,3027924541,3027929986,3027904939,493767257,3027897415,3027907546,3027894478,3027938038,493729340,1481188021,3027891409,3027908833,3027900187,493765970,493759436,3027910087,3027912298,3027915598,3027916720,1481251579,3027890914,3027903982,3027894379,493814678,493755872,3027894511,3027901111,3027913090,493804679,1481414038,149274819,447824458,1343473375,4030420126,3501325787,3027909856,3027900088,3027901375,3027911176,3027913387,3027950413,493802402,3027922132,3027945001,3027903883,493790225,493774088,493774187,3027912727,3027911737,3027903025,493778048,3027919459,3027895732,493759238,3027889264,3027916555,493769336,
syms.c:cmpindexentry,6
3027887515,3027908206,3027891871,3027893026,3027913717,493757555,
ldmain.c:main,273
2408529939,657867344,394839553,394837375,394840873,394854040,394853116,394852126,394852291,394858825,394851169,394842490,1184527471,3553582414,2070812651,394847968,1184553508,394841500,394840708,1184522125,3553566376,2070764537,394871200,394879912,394835956,394828366,1184485099,394858891,394844734,394828432,1184485297,394862257,394851367,394855822,394828630,1184485891,3553457674,2070438431,1916347998,1454076699,67262802,201788407,605365222,1816095667,394830841,394850443,1184551330,1184492524,394876579,394849453,394830049,394853347,394850113,394849057,394848001,394850212,394853512,394849189,394877536,394854733,394862389,394865689,394873543,394837606,394862719,394847704,394854271,394852192,394848991,394861003,394862125,394857802,394857835,1184560537,394848232,394855987,394862521,1184556379,394852225,394845757,1184537272,3553611817,2070900860,394842556,1184527669,394854535,1184547568,394852522,1184557567,394848364,1184545093,394877767,394844041,1184532124,394873444,394844074,1184532223,394873477,394844107,1184532322,394873510,394844140,1184532421,1184620630,394844173,1184532520,394874665,394844206,1184532619,394876876,394844239,1184532718,394876909,394844272,1184532817,394874764,394844305,1184532916,394876975,394844338,1184533015,394877008,394849024,1184547073,394877338,394858033,1184556676,394869121,394875655,394842985,394848562,394839883,394846417,394838860,394856284,394866118,394831633,394853413,394849090,394865425,394874203,394845922,394831963,394853743,394836484,1184509453,394840972,394846516,394844404,394832524,1184497573,394836946,1184510839,394837144,1184511433,394838431,394874401,394898359,394834174,394841797,1184623204,1184695078,394838629,394847770,394833613,394838002,1184514007,394867438,394867504,3708374603,1184543905,394833811,394834108,1184518660,394848265,1184544796,394845097,394834207,1184633302,3553899907,394835395,1184506186,394838728,1184516185,394873576,394859419,394834537,1184503612,394842325,394834702,394839124,1184517373,3553552120,2070721769,394876150,3553660525,1184546974,394866547,394849123,3553681612,394843843,394860277,1184580832,394835461,1184506384,3553597858,394863808,1184591425,3553598452,394863874,1184591623,394847605,394863940,394846582,394866184,1184598553,394850971,394867306,394841203,394860805,1184582416,394843546,1184560042,394850146,394835989,394855624,1184596276,1402520855,394836055,394853479,394850278,394836121,394845361,394837738,394867141,1184601424,394841071,1184523214,394838959,394865326,394842457,394895851,394842655,1184527966,394851400,394837243,394853644,394842820,394855921,394873345,394842853,394894036,394851598,394869022,394838530,394889713,394858429,1184516581,394853050,394844437,394841236,394844536,394882750,394845856,1184648251,394858000,394846351,3553548556,394847572,394848694,394841104,394847671,394852159,
ldmain.c:ld_bfd_assert_handler,2
394847308,394824472,
ldmain.c:ld_bfd_error_handler,4
3553510837,394826914,394849816,394824802,
ldmain.c:ld_cleanup,5
394826287,1184478862,394846978,1184540935,1184537767,
ldmain.c:add_ysym,6
1184562121,394867108,394837804,394848727,394872916,394906675,
ldmain.c:add_ignoresym,6
1184550835,394863346,394863412,394849288,1184607364,394902880,
ldmain.c:add_wrap,6
394855261,394866151,394839025,394849948,394874137,394905718,
ldmain.c:add_keepsyms_file,32
394856086,394862620,394850773,394862983,394846714,394851334,394853578,1184560735,394845955,3553682206,2071112027,1184537866,394852588,394851631,1184554894,3553664683,394870144,394847341,394857142,394856119,2071059458,1918211079,1459665942,394843315,1184559349,394877140,394907632,1184554003,394857703,394864237,394860013,1184580040,
ldmain.c:add_archive_element,74
394863973,394869451,394860739,1184601919,394859716,394859782,394872850,394855459,394883773,394868527,394859848,394858990,394848100,394866745,1184557765,394849387,1184548162,394853875,1184561626,394872487,1184617462,1184624293,3553872880,394864996,394855195,394856515,394866316,394883971,394855690,394855723,3553642705,394849222,1184547667,394878658,394855855,394858165,394846186,394868230,394878031,394870573,394866349,394869616,394879417,1092148561,1184563606,2158829092,394861267,394873246,394850410,1184551231,3553653694,394861366,394862488,394865887,1184597662,394847407,394863775,1184591326,394858363,394859584,394863016,394861036,394855657,1184622610,394851499,1184554498,394854799,394867867,1184567764,3553703293,394872256,1184616769,3553850308,2071616333,
ldmain.c:multiple_definition,29
394858759,3553670029,394859947,3553631716,394869847,394869880,394879714,394861630,394856218,394856251,394861729,394860904,394854370,394865293,394881628,394856614,394854469,1184563408,1184583109,394877371,1184576674,1184573506,3553720519,394865557,394859056,394859353,3553686364,2071124501,394854139,
ldmain.c:multiple_common,28
394863544,2071175288,394866910,394862587,394861531,394870309,1184620729,394883377,394871431,3553804273,394862818,394872685,394882486,394862191,394865491,394865524,394865623,394868065,394863742,3553773979,1184568655,394866052,394856581,1184602513,394863214,394873312,394863577,1184591821,
ldmain.c:add_to_set,10
394865755,394858132,394864732,394866976,1184578060,394861696,2071478228,394867207,1184601622,394875952,
ldmain.c:constructor_callback,23
394866943,394859320,394868131,394860508,394891165,394921657,1184591920,3553775761,394908655,1184579347,3553738042,394897897,394865260,1184595781,394863082,1184579545,394890505,394862224,394863379,394868824,394868890,1184606671,394877635,
ldmain.c:warning_callback,28
394870606,1184588950,394865194,394914199,394870738,394872982,394875226,1184586673,394869946,394872157,394871101,394875490,1184619937,1184613601,394868758,1429708563,394862356,394863478,3553760020,1184609839,1184616472,1184613304,1184626471,3553859812,3553840804,394875457,2090587772,1184587069,
ldmain.c:undefined_symbol,33
394871233,394884301,394893046,394928983,394872454,394864831,394865095,394877074,394868395,1184605186,394896709,3553766851,2071365962,394878328,394869649,1184644885,394866415,1184632015,394874170,1184609641,394882948,394866679,394875622,394888690,1184600929,394875919,394870639,394883707,1184602315,394876381,394889449,394867735,394876678,
ldmain.c:reloc_overflow,22
1184603206,394891693,394867900,394891858,394894069,1184682208,394897336,1184604394,394883443,394888888,394879120,394884565,394883509,394884631,394868296,394891363,394891561,394879615,394888360,394902550,968639196,394876744,
ldmain.c:notice,15
394872949,394889350,394875193,394898062,394915486,394882981,394877569,394890637,394899382,394935319,3553879414,394885489,394871332,394894201,394911625,
ldmain.c:warning_find_reloc,26
394869583,394863049,394871893,394871959,394923274,394873213,394868989,1184607067,1184639737,394883179,394877800,1184613997,394884400,394868098,1184591227,394881166,2071387346,1919194743,1462616934,92883507,278650522,394926937,394903078,394867174,394873741,3553821202,
xmalloc.c:xmalloc_set_program_name,4
1052592697,1052591707,1052604775,1052602630,
xmalloc.c:xmalloc_failed,7
1052592070,1052605138,1052624773,1052597647,1052590090,1052596624,3157789873,
xmalloc.c:xmalloc,3
1052598241,1052598307,1052593984,
xmalloc.c:xcalloc,5
1052599792,1052616127,1052598802,3157796407,1052594479,
xmalloc.c:xrealloc,5
1052599198,1052594908,1052601475,1052601541,1052595040,
xstrerror.c:xstrerror,1
3753721257,
