archive.c:_bfd_ar_spacepad,2
577507,1388224,
archive.c:_bfd_ar_sizepad,4
388429,1779204,1130367,921435,
archive.c:_bfd_generic_mkarchive,2
1737205,229645,
archive.c:bfd_get_next_mapent,7
257478,1848153,1933366,92945,112004,1934273,558945,
archive.c:_bfd_look_for_bfd_in_cache,5
488282,661239,1205632,842077,1777995,
archive.c:_bfd_add_bfd_to_archive_cache,4
1793863,2092013,1506547,1507549,
archive.c:_bfd_generic_read_ar_hdr_mag,55
409364,1970784,1642828,1250860,1026142,230310,1540219,624388,497946,1153975,620552,1215316,1437097,1751180,1434685,513365,322975,2089627,353575,1623483,234164,867653,475233,1878691,1224909,216051,1770333,65573,544393,1956770,881178,1725975,759980,1072804,864633,396121,355777,776030,658663,1804190,1493083,1631882,1354456,179390,1417056,1780776,411991,1405235,1030898,188376,980022,897178,1848272,69658,133625,
archive.c:_bfd_append_relative_path,4
196204,1796937,695821,1428389,
archive.c:_bfd_get_elt_at_filepos,54
855939,914220,949375,1949164,401031,638345,681290,1173905,857015,1154524,1334808,703369,817706,1261946,1457395,291586,1341476,755747,434866,451157,1490669,1425305,610718,1653276,1427083,297254,1998798,98600,1403777,135727,1953730,980203,1633120,1391754,246557,806732,835262,1812035,636943,816561,2078808,631613,17286,602655,2090760,87931,1165697,1048240,706933,672500,88602,593566,1614117,272692,
archive.c:bfd_openr_next_archived_file,3
1676608,120782,105916,
archive.c:bfd_generic_openr_next_archived_file,7
1541568,1482609,1544265,785454,1326403,603179,555665,
archive.c:bfd_generic_archive_p,26
620334,166452,610245,1632800,1068467,281118,897593,209036,1154295,1126711,1797676,2015969,108868,339978,1522712,2022161,26656,754830,851479,764111,98818,470717,1447129,1999920,333206,1044025,
archive.c:bfd_slurp_armap,61
1603303,519709,110911,327067,1755330,1679517,343537,321735,627673,1017810,33923,1722902,71130,1985324,557997,438067,1895040,1776319,1817463,1542422,258311,1160475,1461982,1796865,470904,718994,108900,1985879,1970414,584366,709097,495407,1980209,415784,180809,1079009,985841,1040970,1624542,343174,1458207,503121,1406912,1747137,168748,1711433,1256785,1384830,284262,743211,1661668,904193,1964553,901028,588694,1490238,209218,1516857,288056,799152,1401195,
archive.c:do_slurp_bsd_armap,19
1334649,523121,1700671,325789,1272455,71800,440662,2024659,1431145,488740,465952,720440,216936,1052500,1465301,1429521,917372,1325126,662874,
archive.c:_bfd_slurp_extended_name_table,31
867622,1541221,2014826,878624,1226422,361383,1036849,315969,712993,668634,1548994,24885,739581,736854,1463148,1618471,1237905,1173041,947271,1000761,167131,1791704,92328,864118,543426,473662,1569535,876632,1440804,179520,916062,
archive.c:_bfd_construct_extended_name_table,99
1040420,763379,1212395,70823,1787192,1478148,1441934,1492265,278645,1741652,2030960,1250855,1426000,326774,1401309,1306359,1299651,460886,1683236,530898,769663,757868,1482371,323346,91521,416173,1181882,835769,164384,19098,308227,1910270,1298043,2022773,805714,160252,368414,1689824,1071102,1514651,1981017,1187952,1500700,1576478,1089112,1133626,823882,908066,1220750,908902,1290206,1504690,1987275,1412255,1013381,26697,663426,1962994,1141219,1732059,940746,1530519,1715279,1789402,1175120,768189,1670307,2026796,1273090,424504,74501,1086566,1665852,804901,297577,843099,1208343,905800,617900,1665347,1199203,64044,512112,235636,1335587,1974522,1111343,50863,1916345,1389962,1295573,1355094,412377,1233234,761792,726146,1137814,636201,783878,
archive.c:adjust_relative_path,69
1337977,1531979,1432401,82132,1226213,241877,18096,654933,1944215,1536932,436,1881727,65416,1516773,475163,1573455,225813,931337,1554452,1044327,914795,1202537,726502,208929,827629,1653863,1947433,1554647,263675,617315,1177768,454827,1101901,964643,302482,1242715,1198022,53016,108418,400938,2007806,1764112,1396087,1773785,98724,301449,387566,582921,45289,2048669,1459383,1565048,1542332,387627,1880009,489646,746215,1551598,1378214,1704913,1522179,656279,665486,1302061,689614,1058546,350658,612099,47354,
archive.c:_bfd_archive_bsd44_construct_extended_name_table,17
1446589,1788292,1620874,2092841,482505,206400,753691,2096628,1541174,552019,1375738,1999662,1293479,863575,49007,808153,741141,
archive.c:_bfd_generic_write_ar_hdr,2
1334679,936648,
archive.c:_bfd_bsd44_write_ar_hdr,19
1340185,607120,1509420,1178013,673630,76707,1368119,370131,1789579,1523797,1472036,1466932,971248,682330,375786,1539144,940980,1165404,1409924,
archive.c:bfd_generic_stat_arch_elt,13
1862144,868301,1212051,1294146,1409897,1148640,1542575,312195,706562,1023278,1492219,910719,1017883,
archive.c:bfd_dont_truncate_arname,14
983324,107795,332401,282498,1811640,1339971,979580,1995207,1489260,554593,255834,987747,552897,581024,
archive.c:bfd_bsd_truncate_arname,4
1317026,1218164,1685043,499294,
archive.c:bfd_gnu_truncate_arname,8
1198747,1120995,179190,1921869,1016532,1189838,1163403,112943,
archive.c:_bfd_write_archive_contents,103
908436,601198,1483506,827797,683978,906579,1274769,192161,90514,1289600,1676972,1428474,837090,1004992,168440,1322578,121474,441057,1008847,211209,1217664,1964694,426509,771646,1372860,786727,1078411,1549032,639210,1818842,1574808,1884527,870893,1204111,1497287,1475413,435956,1013081,1402659,1379489,1748821,1631048,187114,548430,1539801,1633974,1314390,616587,1649782,1967872,1138866,1667717,591937,340136,271222,575811,1788689,652973,1192636,704975,1471524,1652742,1663147,776894,1992876,168543,1993747,512261,322755,385976,474870,516870,1071495,45059,274094,802264,991832,337229,530032,1773605,1761737,1460346,1681257,49713,727852,500838,1397478,1369130,90399,538801,67071,12961,1698920,1616732,1464314,557556,1138182,690080,1893358,629147,1175484,1726781,50542,
archive.c:_bfd_compute_and_write_armap,65
847631,315796,505436,630346,1441771,868587,363914,157385,1364649,842220,2017854,697371,1162485,1679835,251513,1790873,1871320,388425,392384,798001,1250885,698355,1902338,439117,54155,1127412,1919764,524707,1600487,1777211,1837768,853994,1480449,1891540,164039,1609838,161826,932572,1066782,1136847,555875,1095795,1991891,1363585,1727892,1250076,417425,983293,1249337,1673557,1370071,731149,1397284,1498909,938258,1487852,705712,1872622,9845,2095678,85548,1109094,1255520,303697,772918,
archive.c:_bfd_bsd_write_armap,55
1821082,1066345,1577735,21648,733392,1518097,356889,610587,727108,1271414,261017,1974237,1859937,1365348,1540312,2043736,86951,1719322,1379406,547027,603725,139738,94629,1092973,1370757,1547372,1624199,904735,459912,1453466,214045,1167314,315827,1965683,433303,1710880,383530,1997643,503792,1299896,1260700,1409172,77423,77579,389686,440407,833943,904728,300054,747852,1188817,1770385,115046,2050506,567189,
archive.c:_bfd_archive_bsd_update_armap_timestamp,13
396236,2003367,518485,2022164,520973,29958,918430,471950,2013672,499265,1505361,1025952,1163277,
archive.c:_bfd_coff_write_armap,70
752319,1759837,272729,1050245,1864329,162583,67643,6888,1644937,961502,651324,791739,1542394,741519,1378543,1612193,924275,1353218,1333799,1375949,1875042,793166,124938,2040286,1725372,1789611,1782659,1430133,684147,1699096,1979296,2096400,391863,2003423,1658777,729486,723602,1282200,225554,521263,32819,133318,697921,946227,1637951,1347606,1762308,229362,602168,1782681,1417855,1600461,1937668,892845,2010844,2016997,1627831,1761989,1616615,1610668,1159236,580358,110824,881412,945355,876785,981957,310363,1165604,888545,
archive.c:_bfd_unlink_from_archive_parent,8
520164,1025807,861554,279443,1301708,1538433,654081,1188185,
archive.c:_bfd_archive_close_and_cleanup,12
831360,1477897,539386,2042773,637625,246666,1459192,785373,1943601,2030200,404672,1089022,
archures.c:bfd_scan_arch,21
550469,1949921,1570820,734885,988387,1831225,694256,1761776,1825573,1931546,675168,551792,2731,857922,1694666,872949,597661,690595,1351896,877813,440147,
archures.c:bfd_arch_list,22
2071540,1326927,545448,1393161,928754,713489,1833476,930317,346815,1567711,675814,1945483,139550,694738,1443359,1629249,172136,1056760,1914373,1097426,323948,129369,
archures.c:bfd_arch_get_compatible,9
429984,654518,1587518,1996564,193298,1532590,947970,1350211,1265061,
archures.c:bfd_default_compatible,8
1711926,1741333,57629,1024304,207378,868819,1408524,1396435,
archures.c:bfd_default_scan,59
2075603,90968,1052982,1722758,617114,618597,867754,752482,1223704,1154063,1955218,339237,1429468,402193,409708,706731,588277,266022,1081966,32529,465204,1569254,437633,1815487,621248,845520,953614,544759,295662,1026770,648428,1093529,434050,780814,1251179,1117945,1464469,952190,814632,1466289,1542924,1915195,1399414,685316,1309755,303294,1348437,1097737,659222,1201351,594742,1529633,812193,1864163,1055197,965554,1447957,900356,1146399,
archures.c:bfd_arch_default_fill,2
348144,1200608,
archures.c:bfd_default_set_arch_mach,2
220034,2048262,
archures.c:bfd_lookup_arch,44
137228,1099171,423582,1560724,1655973,240734,1902591,559132,1796902,1554590,660157,88627,962840,1659739,1741128,403493,124030,1119784,1099426,403675,859122,2081232,1940341,1435554,453150,143046,1496829,24456,1520909,1545391,1197893,946090,1354397,1869535,552078,1014919,820467,2075761,1542211,206596,210003,1011516,581316,2069350,
archures.c:bfd_printable_arch_mach,2
623016,1169958,
archures.c:bfd_octets_per_byte,2
1369323,1045680,
archures.c:bfd_arch_mach_octets_per_byte,2
2084770,983240,
bfd.c:bfd_set_error,2
601169,858184,
bfd.c:_bfd_abort,3
1631713,1176413,1370484,
bfd.c:bfd_set_input_error,2
1333195,1920679,
bfd.c:bfd_errmsg,9
1803261,243908,648686,158223,1658352,1477576,2048756,2007511,11683,
bfd.c:bfd_perror,4
129162,1929630,1716114,692494,
bfd.c:bfd_get_reloc_upper_bound,2
1282248,1810563,
bfd.c:bfd_canonicalize_reloc,2
1448540,288207,
bfd.c:bfd_set_file_flags,7
1316923,1909573,506751,2091497,707250,1581744,1043495,
bfd.c:bfd_get_arch_size,2
1129138,366143,
bfd.c:bfd_get_sign_extend_vma,14
836381,1970508,974551,1457412,164228,107483,404096,1389329,802400,1687291,1783255,742695,914999,764122,
bfd.c:bfd_get_gp_size,6
861695,908602,1115371,1129800,1937562,680733,
bfd.c:bfd_set_gp_size,6
1298861,457074,115470,1919476,1645331,1714616,
bfd.c:_bfd_get_gp_value,8
1807005,502129,49197,571838,299365,511818,165246,1407508,
bfd.c:_bfd_set_gp_value,8
34527,10295,779306,939195,216620,1812647,173982,1096233,
bfd.c:bfd_get_relocated_section_contents,5
1790271,508689,767462,653210,463816,
bfd.c:bfd_record_phdr,10
384412,709494,634719,1783010,2077411,1112384,1359940,1680973,1093804,408396,
bfd.c:bfd_sprintf_vma,4
1738791,1691248,1940984,1230856,
bfd.c:bfd_fprintf_vma,4
1428386,1662070,226582,1507567,
bfd.c:bfd_alt_mach_code,10
1018435,1506317,1658589,1918148,1850554,1996813,1259772,940093,409573,1051740,
bfd.c:bfd_emul_get_maxpagesize,3
895748,750448,1880116,
bfd.c:bfd_emul_set_maxpagesize,2
2039780,589779,
bfd.c:bfd_elf_set_pagesize,5
870849,546468,509756,801563,1029283,
bfd.c:bfd_emul_get_commonpagesize,6
1832721,1402173,1237002,1896754,779303,1899980,
bfd.c:bfd_emul_set_commonpagesize,2
1036787,1902033,
bfd.c:bfd_demangle,29
868643,829298,1197705,969485,1980161,1852079,1809994,1239539,1713155,443753,789674,402428,1094698,1146877,758533,854084,699268,988446,1286378,1543996,1340021,1853961,2083134,501274,1540908,454990,1188383,1802407,1062674,
bfd.c:bfd_update_compression_header,8
220262,1803891,1351231,660578,205829,103305,1019192,951597,
bfd.c:bfd_check_compression_header,9
399037,1772349,539564,1845340,1449535,1851972,1122501,2006923,541550,
bfd.c:bfd_get_compression_header_size,11
319958,22518,38155,830341,1978173,1584787,528383,1770197,786985,1419686,1207163,
bfd.c:bfd_convert_section_size,13
1471744,1926860,1779477,1839857,1453142,19505,1043200,1704008,199121,1625922,320495,1670582,260734,
bfd.c:bfd_convert_section_contents,16
206149,895588,355337,278143,767274,2021678,184344,572642,756177,261509,1392231,1948062,147388,978155,164945,81233,
bfd.c:error_handler_internal,200
822157,1784406,1247001,1362541,2023017,427102,567583,314058,518435,1686793,1036199,734517,1709108,904405,854410,147995,1962459,756910,1897798,1029432,1309366,1933873,359127,1103558,726348,691078,133751,848982,1041115,1619761,641873,1474941,1603006,1619488,156999,1130165,2008303,1246163,1117666,1147841,945770,1509409,1167362,825229,2014626,2006851,18444,1066527,1519340,927951,1140632,1045552,927851,1322062,447134,1792380,114519,375273,1465877,1393207,1548342,1942699,590395,1091084,1500938,1688922,1980000,1596202,831887,759065,1193864,574773,1658930,493112,53397,313855,1092075,1071373,1071476,1695054,2084342,1019682,1924147,680738,1339845,1937903,1894096,1744940,1365571,386378,2027220,923556,859635,607462,2060235,309222,1492188,1917464,1847637,1978066,1940853,1526887,137190,1096519,1315575,824578,85978,170635,1645911,779573,983461,1559268,320548,1697682,1880630,1161363,1300262,1364976,1765773,843062,1847241,132688,1318622,781681,1081421,379225,552898,346229,1220922,944479,1525355,631580,599788,68767,263748,1252605,482318,1947058,1688618,571170,95690,640618,791737,1522034,933606,919907,378051,1090276,1450892,1246248,2070872,1728478,1786995,159827,112820,2051349,1681393,857098,1581663,291485,651341,779927,665728,2007231,932094,1734108,1558028,1361853,846667,529181,155526,1167997,1078194,115745,209923,980822,1618622,1890656,1533801,206666,859910,1274559,1209058,1568659,2060941,918061,484067,1956234,2014002,27814,382057,988038,672234,90726,485126,477628,141015,1665823,194295,1308647,
bfdio.c:_bfd_real_fopen,4
410601,510854,1654875,1542085,
bfdio.c:bfd_bread,18
1422106,303309,689942,852499,1898478,1660439,1984528,1724746,1725396,1034270,201575,1719498,1599536,1481074,1548166,474218,1369913,1938512,
bfdio.c:bfd_bwrite,13
385982,974051,1791064,525565,2043870,1348798,1125486,1626078,1447470,1939238,1381625,9962,152017,
bfdio.c:bfd_tell,9
1705761,1261707,1484633,143829,1834998,898871,1516182,416570,420552,
bfdio.c:bfd_flush,9
1053744,771967,1197903,1353917,1937214,1315016,1848059,1514009,373595,
bfdio.c:bfd_stat,11
563152,1263023,355166,564409,910331,542025,425884,1280362,1999833,1811905,863490,
bfdio.c:bfd_seek,23
523326,1644047,1004980,1286848,1962395,1895999,53846,1193008,2025363,1599234,1337071,2066006,1125818,901395,1128134,395387,1846240,1925693,1003186,35491,868237,1996695,2085504,
bfdio.c:bfd_get_mtime,5
1540338,1098739,386800,970388,858940,
bfdio.c:bfd_get_size,3
227190,839626,1428069,
bfdio.c:bfd_get_file_size,6
909632,1177295,1931225,1853563,951759,1801055,
bfdio.c:bfd_mmap,9
1546732,1943854,1705971,2032339,1284099,351273,904630,1806224,1933787,
bfdio.c:memory_bread,5
882117,217147,1484441,45589,2017937,
bfdio.c:memory_bwrite,8
1865500,1848651,1414095,207847,543642,1018533,1048610,1873629,
bfdio.c:memory_bseek,14
1948270,1600344,622691,434021,347569,891058,1062162,1390507,436531,48439,740207,776389,399321,1014438,
bfdio.c:memory_bclose,2
1067578,1304019,
compress.c:bfd_get_full_section_contents,43
1104307,1729334,800993,1047478,484439,667817,1597967,2079977,1308084,1162995,1314730,758095,37592,1192018,807470,2050134,739230,495315,227023,1457544,25184,746372,735353,910531,464156,633220,1921592,281527,1523979,939404,242865,48923,477551,425167,2087033,1416036,1910921,1638216,794453,495409,427970,940343,422792,
compress.c:decompress_contents,13
114443,598264,83918,1946233,1823226,677080,1031206,2033953,682026,415346,299694,674686,371256,
compress.c:bfd_cache_section_contents,2
1923732,1355066,
compress.c:bfd_is_section_compressed_with_header,19
436318,98992,426204,1875712,315752,601918,1753028,1659794,1983215,1440400,467759,1511209,438045,147949,1096913,513998,875373,470662,795901,
compress.c:bfd_is_section_compressed,3
1576863,1851009,7333,
compress.c:bfd_init_section_decompress_status,18
1714755,1099562,1911796,1902228,85753,1424848,1101600,788424,978660,1634593,1915413,1058459,257325,1725815,619800,1518067,1303124,1838222,
compress.c:bfd_init_section_compress_status,10
963289,1400171,862432,1572841,203512,2065394,1566536,939054,1610938,1998959,
compress.c:bfd_compress_section_contents,26
438531,1879446,1263619,1295735,1820839,1587359,582952,1736019,1618245,1312265,1475822,906777,786190,232852,1746192,71087,1762282,1145904,1153743,1398340,1381293,1564407,1778925,1312477,317830,1024623,
compress.c:bfd_compress_section,7
1808097,641708,1680080,797111,1009220,1416693,721580,
format.c:bfd_check_format_matches,123
536155,1528795,1562549,532772,919900,138970,976857,114215,1285723,1515592,917876,1480353,2086573,298348,1362168,1893306,1948195,2065687,281064,456133,298457,1913082,1015848,693614,1153322,1640398,1033413,87661,276311,1081822,190532,1439651,105775,1455169,1909494,1587803,409253,1386113,1333879,1629522,94630,364095,99215,53725,837766,2014006,2013525,1069874,667539,408987,242041,590680,1303371,2076397,1959369,930148,684383,1084891,1746000,1159124,177012,1514913,335331,115533,915527,1482752,424158,1808863,1953074,170477,1299723,1772139,297717,670552,1898494,433180,808503,71740,338577,49554,711794,314520,1508587,766331,1814340,1082649,2037433,903866,1517514,184565,1306944,1297212,468687,1162130,1556226,2061368,646839,1306822,304968,1422784,912809,1039069,1165918,1091089,1420202,1905138,1893400,648290,376998,1072199,924953,6942,1315151,1630066,1289765,1642277,1363981,958512,429977,1019028,1228104,383022,1932212,
format.c:bfd_set_format,8
1289287,744581,48132,1300749,1144174,1368838,41717,1632787,
format.c:bfd_format_string,4
666873,171036,1332364,1577835,
opncls.c:_bfd_new_bfd,9
683061,1006790,676775,2002614,1895570,1896159,1809933,1912454,935929,
opncls.c:_bfd_new_bfd_contained_in,4
751214,1845100,1653003,1401845,
opncls.c:_bfd_free_cached_info,2
758791,377529,
opncls.c:bfd_fopen,25
1654583,1502164,215295,433712,226938,1989771,926449,743728,2080753,1062851,220946,663270,1660217,898193,619646,731074,239162,741299,217873,575215,1407142,470756,73234,978191,796989,
opncls.c:_bfd_delete_bfd,4
791651,754691,794734,1422885,
opncls.c:bfd_fdopenr,6
639612,871498,122457,1506773,1565118,2038769,
opncls.c:bfd_openstreamr,6
72306,511015,1585199,1757547,641084,410130,
opncls.c:bfd_openr_iovec,8
1475321,790505,1482577,1865830,61618,1395724,1750837,1047832,
opncls.c:bfd_zalloc,2
432841,1261984,
opncls.c:bfd_openw,6
241057,1048210,260096,195343,1165991,236765,
opncls.c:bfd_close,5
1770294,717063,1143509,1180757,1125918,
opncls.c:bfd_close_all_done,10
1389202,1284675,1998407,1329332,125512,839087,1299494,1882328,2000365,3159,
opncls.c:bfd_create,4
1495327,1167248,832021,600980,
opncls.c:bfd_make_writable,4
1418732,394955,409350,1050666,
opncls.c:bfd_make_readable,7
1299995,1473846,1853236,502078,1314965,453263,1238422,
opncls.c:bfd_alloc,10
1358156,132724,751836,641858,880371,982562,674222,857805,1702519,2007734,
opncls.c:bfd_alloc2,4
1486156,1294994,722244,178337,
opncls.c:bfd_zalloc2,6
1730986,1631930,2053356,1420244,632247,2060856,
opncls.c:bfd_calc_gnu_debuglink_crc32,4
2025541,690793,241028,230347,
opncls.c:bfd_get_debug_link_info_1,16
1609247,925608,1904748,889334,636258,1705349,387278,1262084,907630,1051523,550126,955344,1961495,1081127,1097583,2048918,
opncls.c:bfd_get_alt_debug_link_info,18
1452405,1607931,1000824,1789842,1467785,1907176,541015,101394,1657284,891370,70994,588774,1395699,40708,884225,1005810,869848,1499479,
opncls.c:find_separate_debug_file,63
916702,1410603,493057,45247,195583,385565,1299559,1963126,1026498,1305890,27498,721177,1339072,1151201,146424,1982441,1745699,1350462,419368,1175677,1542350,370667,741026,18159,691389,2092571,573496,1630611,346431,2024337,1238190,1555981,1108367,1028341,107848,45534,1668109,297805,652842,2079508,1640014,2063120,694371,2028928,184088,1533657,1768588,211863,1801778,210386,1347071,1462674,672122,1230012,2076443,572044,1190144,1735665,37440,828166,1526402,1643807,1257158,
opncls.c:separate_debug_file_exists,14
1977641,998723,774260,346796,1166671,1900261,246730,1511900,1401706,1356787,392255,610508,1615756,1485093,
opncls.c:separate_alt_debug_file_exists,4
1237597,920929,1606884,1208962,
opncls.c:bfd_create_gnu_debuglink_section,9
71144,423774,477524,1537347,9284,1543030,1556987,354058,99741,
opncls.c:bfd_fill_in_gnu_debuglink_section,18
1072512,1004325,780756,1105552,1262858,1524186,899277,1930427,735994,1549935,1035054,1128284,873058,1283598,440209,94530,1001684,1973174,
opncls.c:get_build_id_name,12
1243627,1386973,1596860,784001,312186,1722037,928076,1224369,636888,346911,843620,639910,
opncls.c:check_build_id_file,12
916696,699399,1833297,1603668,1556997,1389105,1707497,1455690,693231,970712,158245,1487285,
opncls.c:opncls_bread,2
353431,207928,
opncls.c:opncls_bseek,3
1367553,383730,1582279,
opncls.c:opncls_bclose,2
8325,1658551,
opncls.c:opncls_bstat,2
201044,408331,
opncls.c:get_build_id,37
77949,1666104,2038360,517064,1883490,1009851,1470442,1010668,463182,429057,468167,1930042,1232609,2088486,512686,926651,418341,27123,757786,1271471,1219496,1817747,1547452,174005,1012333,760395,517247,1956992,2084727,1086357,250839,1090896,411459,1028731,1662207,1713369,387220,
section.c:bfd_section_hash_newfunc,6
1586102,1577476,1740020,826722,431199,1030953,
section.c:_bfd_generic_new_section_hook,2
64879,1741907,
section.c:bfd_get_section_by_name,2
1754279,1731213,
section.c:bfd_get_next_section_by_name,15
605361,259298,894973,762536,710881,1438269,644665,1396931,443819,394758,1126120,584321,1966983,142404,1705574,
section.c:bfd_get_linker_section,8
1722188,1697251,1803940,1111463,1050671,1880408,2022176,1310382,
section.c:bfd_get_section_by_name_if,8
715455,1448457,532067,438773,1668425,1345466,1932714,1587294,
section.c:bfd_get_unique_section_name,10
1167672,1442084,1682465,1343785,181588,1027773,1554963,1428567,1995205,1283481,
section.c:bfd_make_section_old_way,22
1257299,1546509,2030859,542250,1748712,1327020,1219786,1693692,1128348,1441084,2067367,1416548,612708,1698445,1527836,940882,509877,1516556,1185063,212853,2091198,1655855,
section.c:bfd_make_section_anyway_with_flags,13
114674,2018932,95569,455806,1734569,1590962,523165,760887,2077030,641833,2092008,933339,22891,
section.c:bfd_make_section_with_flags,18
2016542,588914,1230770,730489,1946610,418262,891842,80466,305805,1577908,557482,671309,2047542,1260553,1846085,2029923,1300382,1243569,
section.c:bfd_map_over_sections,6
1225274,1586551,702964,1379997,2060493,1980458,
section.c:bfd_sections_find_if,6
2064095,1335838,921850,1723741,576161,1755970,
section.c:bfd_set_section_size,2
73434,2090569,
section.c:bfd_set_section_contents,14
113275,1807818,1113892,316129,1204879,1314510,1059438,1437367,561880,1550807,586049,258818,2064538,1487304,
section.c:bfd_get_section_contents,18
1606378,1414637,620556,961050,325369,1454153,876154,601317,1869329,864822,617587,1817787,1495873,268695,1994242,1504079,1139569,1125970,
srec.c:srec_object_p,22
1497441,1309421,971096,79607,132508,896090,449181,1703973,335607,1462942,2045643,1484080,1601547,1987082,1858668,1570162,1863722,2050621,1709224,1263633,1226374,165178,
srec.c:srec_mkobject,4
2002606,660886,573109,1793657,
srec.c:srec_get_section_contents,64
858904,1173535,797766,1594216,8535,1818239,1849658,512772,1804785,1206311,1838977,512411,1143488,1985493,1199974,141045,765432,325025,280893,25328,889316,64534,1518124,6400,256560,62613,487048,1742816,1748322,1249982,1216005,812870,608456,1447484,959985,1178779,1219228,393971,1820620,1865958,1613083,2075565,406444,1633516,1255235,908758,80223,258374,762371,1578029,1081518,1474505,1902970,843796,171696,1606466,444022,1787758,1208956,908080,13318,741128,1441314,782220,
srec.c:srec_canonicalize_symtab,14
608208,1828890,922754,1893322,977568,257858,1252568,836891,1352051,449904,1851620,830896,1077670,1958479,
srec.c:srec_print_symbol,2
474375,528366,
srec.c:srec_set_arch_mach,2
906646,675158,
srec.c:srec_set_section_contents,30
1466347,460821,1111294,1496027,485852,1963301,763264,204607,1674038,285519,510376,1076389,790394,2067334,1864859,1429289,1116669,1580818,511637,397523,1215460,738241,579726,399305,1978352,811170,831670,1376327,1395163,1221953,
srec.c:symbolsrec_object_p,20
1991850,299773,347048,1142180,763134,1856175,1803375,1860167,1440113,442563,847144,1712889,1044140,1203727,241421,1505022,882619,1147488,1588235,2088354,
srec.c:srec_scan,168
1732219,135660,247490,1724392,60995,911764,1323536,489801,1519565,612676,2022058,1897106,1825342,2037193,1139958,1570643,1778621,116316,1604978,1616562,1910512,476960,958675,1407421,563138,44922,2040644,1295570,792319,988108,1166855,610151,70750,777283,470024,1244549,727867,1420280,591118,2067630,653496,1642301,1957429,268671,2076331,487723,1718378,1994358,1824342,1367704,971182,480598,139458,1288439,534276,1884833,1274317,1784761,173550,1787192,1213059,1298763,1275637,526261,1870458,1200041,311914,346385,1484366,1181948,796589,1109263,302461,1108350,753152,628741,976153,703344,1026322,1157466,1026418,1544117,1940995,1789704,1428175,1249699,1844130,101367,1058682,525451,2008107,1680893,984544,1041747,1516690,713343,362416,1784288,2050810,1534468,254189,1509446,948826,50607,723379,1722191,1730250,1521443,1593018,531357,568099,1458513,1405008,1136775,525338,643348,1261107,780695,1666455,23139,1407360,927017,954111,1658100,817346,1462535,1337005,218808,1969546,2003528,1929675,1177260,605366,1206412,692105,467352,877730,1042771,1745677,184667,696025,1851316,373947,580740,1328556,644074,1036840,157557,1682138,1816876,496369,279405,1581445,1108789,1925897,1695841,843507,460649,1422977,1463795,1528506,1815460,1832053,13249,1239836,1694131,2017201,1013153,
srec.c:srec_bad_byte,7
1198562,634312,1318246,1552077,1683006,1282055,956965,
srec.c:internal_srec_write_object_contents,52
1663213,659417,856514,1257388,1811357,602737,39125,1284722,2024281,1077068,1413439,794443,362764,783939,1389130,196367,32072,239561,1250102,1758350,1897021,275492,786723,891273,1946346,1275294,169353,33846,352884,79785,461538,600053,1131936,1382196,239412,1249194,1307331,1975429,987749,710754,640740,2425,1958635,1342211,854056,1956381,1698149,1809204,1298897,1017820,40492,1577592,
srec.c:srec_write_record,8
1694548,1344725,128267,1422089,1944376,1579101,1460785,2020226,
syms.c:bfd_is_local_label,4
266649,1083369,722812,1936402,
syms.c:bfd_set_symtab,4
1504207,1380844,1115708,1722624,
syms.c:bfd_print_symbol_vandf,19
1081690,840577,696742,690010,1509264,2055151,703072,816086,1261214,2003533,478018,1134771,630820,1488227,826657,137503,348637,1537361,947445,
syms.c:_bfd_generic_make_empty_symbol,2
1622332,1028173,
syms.c:bfd_decode_symclass,51
783446,395103,603816,1401836,1543192,255829,1764928,999274,536026,172551,1637126,1651609,1566568,1207556,861459,574928,1869823,1147286,529196,886685,234672,556047,2029164,1058453,1284100,1141567,1752193,1901411,1197926,216206,1150392,1607138,1761165,1299551,1109242,168446,1231599,1246364,182663,1631649,1438669,193687,1372088,218169,1009761,435095,1225510,986065,602354,1082733,277549,
syms.c:bfd_is_undefined_symclass,3
958359,1975674,575607,
syms.c:bfd_symbol_info,6
315236,1527949,786168,750465,1719582,533966,
syms.c:_bfd_generic_read_minisymbols,17
1403009,695193,914143,1420891,1869723,1130941,1657652,1559269,99720,1597360,147829,71711,652642,995102,1790810,907264,400978,
syms.c:_bfd_stab_section_find_nearest_line,188
1628035,1186563,734466,1358246,1009256,1857557,357769,509098,275082,886135,1590926,1168969,1813849,2017945,1959295,129266,1636893,344800,177813,42464,524641,1658442,1760146,740388,727317,284870,1068148,709967,219315,1408807,952533,1571636,756752,766482,1522331,24482,611815,832231,1753313,212887,1101991,604569,1951597,857834,1945298,155219,1707563,1292953,1546140,1301728,771230,921140,911983,1657856,1228839,951623,271348,306667,773577,199555,1333990,1422402,2081630,1311565,580488,404786,1842352,637612,982146,1225328,2069059,347512,1635991,369050,1818680,934140,923379,1999921,877595,341325,1730476,712649,2072038,35708,1548578,1070865,1340835,1763742,2072557,1192092,604245,752453,288471,338330,1869556,526997,1425767,881406,492757,260533,80999,1464669,652624,204357,1166899,324964,1425530,1201617,1732639,782916,122451,910772,452408,851719,612141,889349,346498,17822,1388126,1627153,1618629,131866,932382,563857,776278,2072912,559534,349795,581559,1957108,216614,1886840,1006172,1562236,29691,755019,947202,498176,123216,350301,311654,1798224,1212594,1883131,1252382,890702,395241,2032110,487902,1698559,492279,68761,1243312,1221913,1628970,168872,1898275,714661,2017964,710720,146576,545040,184661,1943231,1977192,1190156,1901066,1811800,1825855,316603,411623,1201146,355420,1226464,319296,1449427,1441455,1007690,377313,201528,301257,629672,553450,1152397,1280881,1639828,1954476,1905251,
syms.c:cmpindexentry,4
562478,488977,874596,1347646,
objcopy.c:main,87
1618817,1782266,8576,1620135,1798484,1418822,1716153,1729249,2011029,2086370,198735,367893,1228607,681192,1856332,1799695,1931025,1815364,418046,956413,2066932,86500,220429,940499,1573748,988302,282209,1263233,38818,1340752,779747,1175996,430952,456069,135404,968378,1690566,1791117,773475,2045302,1564181,2022555,195495,1260056,1035910,32312,1546951,332125,5365,729750,103524,245953,655854,1607934,574383,1679401,395385,1887803,696288,825194,1554363,1450703,2065814,884914,473870,114796,1215641,274333,300668,1203673,1341200,916463,293574,230313,1757822,624909,1913013,122044,1761289,1855703,524471,715402,234097,1514455,774851,1409816,1406898,
objcopy.c:copy_main,512
1755484,936243,593183,944153,1811947,1196552,544539,843798,998697,176438,1011229,606683,945301,1049509,1400434,487094,2059728,947413,2020250,1773851,554429,1571886,1733941,1402059,1686802,252434,1989033,1029412,143500,1095149,341026,505550,908428,859362,1247377,469420,1409313,803623,262687,1681589,1687028,453216,695989,318940,1464399,286272,899180,11875,147633,541983,1407299,1099666,955558,1765563,2011820,1070582,1186872,1083453,909275,625199,719331,2081947,1703294,1328968,867908,1148786,785203,897516,2054590,861854,1915928,1473802,1359082,791358,1862497,447728,230877,6037,429195,1687946,1108805,1475159,890881,1537617,841450,720425,137603,1665876,557179,1667891,1776640,807201,450992,1844536,51092,80138,77759,956753,1830820,1816960,699537,1235346,537309,236673,1164152,1417013,1923033,754005,940301,1157060,1936720,54138,695344,885968,1408109,1004131,1046011,847634,946395,580657,891720,857036,27580,994474,15279,1959274,1291581,1869327,927151,318785,1263920,248602,1465242,1796100,83392,327882,180123,1692714,698808,1175585,644419,568935,953968,1825773,999254,22076,1370323,378802,1366915,1052900,357355,328267,468548,745181,513866,1881445,861322,997133,694339,1599257,773160,1859615,1892012,784746,219015,514930,1121276,1113848,767027,660029,1682644,342026,797551,164952,2064913,1088331,1288391,787253,992060,147874,1312493,1787446,1506002,1926442,566020,1456770,933642,598327,1040803,1125931,430338,1749485,967904,704829,2011586,1073888,1515508,1563545,1568324,1100235,1882155,188706,161497,352686,1550313,113712,1595727,1602229,205632,329292,1062609,1346995,70210,1405323,109072,1675727,868259,612720,554315,134904,346871,1988128,14662,311925,1703111,340361,2044397,1149534,403593,1655990,866112,406740,1001847,666976,1984866,1563638,1050497,80031,850667,1285453,1033174,1125195,1216019,997875,635282,35125,1791278,1138614,1461325,154983,510318,1583624,1076084,528822,2055612,286226,1342939,1972053,1588998,2081419,1429489,1628523,461258,1819589,378423,1174471,1596043,352405,227447,404575,598352,1177541,5071,305945,1925219,1721199,309605,284020,1922556,596294,1981031,1092569,334557,2054897,229051,747911,1053123,671542,880742,555112,1267700,1966366,1431730,251016,159692,1460961,520924,1523493,1901354,1417485,1843560,860656,1993696,1857725,412533,1486096,494845,1160386,1508544,1086557,161561,1711808,906746,1537966,522237,744201,926543,1068176,1039903,1600373,1144435,1035518,247475,1468704,1510155,1327105,908477,257049,2079911,429019,556162,773641,680925,208640,573415,1076112,701179,1259979,113231,607522,1089642,1197950,779237,1716190,1152862,1266993,1221277,1094577,1785300,1525878,1015078,1979413,519317,567760,1773773,158782,1012758,667230,714579,456839,334325,1479313,1667315,1360652,1779955,1617026,1294216,316987,544376,348929,2060029,987260,1864443,670478,1940758,252159,753998,1733533,111058,1679624,1786411,491743,601634,699857,1693477,1367008,1556498,534838,1911607,1805660,235482,1933145,1692140,1313642,469408,1597060,2095613,1142143,800381,1746106,793636,2053061,1273078,1576772,1696063,745595,1245949,823875,53962,546984,936480,682038,38544,1535037,1569030,1235632,102801,518497,1682288,366261,1283398,1115594,1693444,1273133,1979834,173625,1867010,1754105,582693,647329,278830,320086,977351,1757511,836700,1843687,1138477,455142,704446,385025,1451241,1406292,1414314,1029502,158083,2051578,1462641,818545,1113095,905327,505525,1972743,1513992,281621,2059009,708416,1225296,537045,1080801,442313,1146227,1675798,671252,854556,876095,1636992,314595,928472,1843316,1949874,1876739,1121119,578694,1547342,1127561,801228,289243,688353,777065,647692,1205641,937629,1700115,1251672,979042,1154301,1665533,1763513,1836433,1806571,1106206,1043479,890521,258794,1177589,1223594,1094018,1806315,1930173,46108,2065230,1570693,1378678,1780686,353605,1984802,2000752,758110,565809,364555,1923390,2029477,
objcopy.c:handle_remove_section_option,6
1652222,1617237,602324,200155,766603,106861,
objcopy.c:strip_usage,2
910751,1166088,
objcopy.c:copy_file,139
1280501,627017,1984867,1978223,304879,99771,1833777,1051373,1770737,776938,137651,846312,650791,952383,743570,728747,1075058,1111021,643739,1416298,1237720,1079735,1548166,266040,605414,1497661,2020072,1647320,1199996,38102,523872,1870485,25462,464552,1876448,1617820,1299768,1991361,634360,1972534,1203227,1982840,1619865,1699859,2035561,569123,407659,2061211,1226812,1102322,212311,2023124,1223394,165710,2077582,1000376,1414135,212653,321922,1659558,1553322,722612,473987,296950,1115283,609755,2022263,742522,355908,909107,949324,1519995,698397,1203156,1548010,1280650,897093,868010,592781,974727,467081,938507,23057,1540698,492109,715303,164986,1707741,1870795,1883702,1579308,228682,973310,1750329,164500,1177004,115234,1023775,1699389,517256,819975,1535780,1370706,1848344,1960115,368851,604942,1821521,1694225,1047192,5451,393155,145404,258977,1884252,1939141,2008793,1592037,426987,329544,880972,1732221,1295928,967015,834137,654575,44099,960273,367509,2034298,1995484,761684,1156904,1092320,1599799,1873841,23108,1869533,868349,
objcopy.c:find_section_list,39
114886,656451,444922,1817191,890055,527294,242157,606336,235599,1260411,1249980,652632,1146677,438428,1994776,1658455,912112,781971,918306,665079,589559,538410,1618000,1835559,810834,1084367,1761877,990332,315587,1730461,638386,225722,1509520,810382,1509704,41883,570682,833829,1725039,
objcopy.c:copy_object,649
1945130,1571054,402384,572192,2047182,724324,1100990,875104,816058,237254,618146,1004749,1749070,1240322,1666962,1057983,1306931,350133,1767665,1004879,1810104,1301035,994762,43503,366460,1340108,2027715,1644636,1823137,68229,1656016,810735,1658099,477958,2083193,949156,1114888,512935,232026,1823319,837195,1583093,1313981,350241,1918383,335761,1544683,245890,210212,337091,109533,1992398,1439286,1236921,964620,172647,2029364,472423,789165,189008,1241134,2087644,1671266,1794296,960231,2077732,1320482,197034,284009,236777,299892,953293,68012,1478298,151228,1467573,94925,2081029,1694448,1550518,1812409,1627291,1406926,1698356,1161129,842412,247405,1693126,1124270,1172594,644427,570710,2001081,408392,235608,58752,1392857,986605,1413217,296414,425790,1938216,837381,988612,511311,1139998,607069,1895091,168143,12223,68089,354617,1757019,66426,1929031,1550279,1501668,930864,828382,106396,1983530,398280,859951,1004446,402550,1431847,1087645,1931586,1030535,1820597,263702,1120084,567916,2007267,1873273,638840,1262906,155947,1233339,1053801,79912,9377,77808,1915070,1841824,1970758,815087,1773744,947486,682151,1700371,386107,260960,891831,1702448,1033037,236976,852766,886225,1423128,212047,639272,193272,312986,1999724,1864366,218977,371917,695376,1974236,1112229,2083033,1952535,1663990,1509331,1372507,189549,651360,230492,1523581,1959484,1736008,1444117,561246,1274522,343013,1348452,1638804,1167541,1945445,98458,203946,1135427,670829,1819654,1498985,1388054,1763296,1148615,777360,665721,615584,1449268,1120858,1362879,1099378,92799,1749345,61479,496994,420281,1465968,1036669,446202,1359502,414117,246783,1942246,1186937,118557,1935103,1914002,424107,1158976,1889218,269568,1554798,2020682,770496,582447,1593294,2058071,2026265,1438977,771965,1568716,678317,540666,854610,1588011,1258461,859023,1495964,1210423,1152285,202156,692283,391352,2066240,1737448,1290711,1350969,497426,974301,1494125,1998712,225588,1371543,1543136,1890862,180533,1246696,158941,1494214,1371226,869082,246370,436662,2014534,2095833,1876124,2066942,660825,1726113,1826148,705079,1515689,782346,1492672,1802659,1313918,1331533,697488,206933,1082007,2026378,105855,865539,1240350,873490,2014324,878875,1433192,1010340,1840630,1595460,1290437,520533,500884,505644,933080,346718,333887,1805616,1706759,446431,63371,959641,889376,228125,588678,1690252,556274,1769889,841100,542898,613252,715964,4722,424224,1006383,1238261,98810,469167,2070732,1621041,423725,344222,1327775,2037157,195341,1845903,1372520,1755733,889145,991572,953461,868131,233431,2040458,2034590,769270,681337,1341162,1130452,2080835,1764071,37235,197150,319530,1875775,884672,1443783,1784356,992950,1884226,1194857,1291552,1669837,1788154,1816730,2028931,1504272,425937,1761983,690566,2056569,175539,1230889,983263,1590405,1057076,1326682,467153,787038,1602505,1929993,1990267,1503299,941383,1064520,611585,1110035,329986,649867,370460,2083586,831230,1679012,115333,1456539,875516,1154971,529341,1087683,1729248,1005522,1078989,1030805,262178,625072,1823792,2060175,1924623,1856254,2010935,1660643,407869,1557930,1279580,310783,603513,1155358,1334710,994325,1769684,132376,133751,2054195,1737435,2001179,931787,343365,185980,179715,352605,280085,1806803,541468,1524454,544099,1058038,596159,771874,1153012,269348,2063376,524558,443641,113733,78947,1113855,1422456,1794475,1867868,1402565,321612,991290,1555241,1470974,78171,1668141,844306,353985,806087,1911304,934057,1244067,1751513,126134,66016,1837045,1892151,1305400,397197,1961342,322393,519763,1627879,357495,1341468,1221849,1099654,437735,1310154,179093,2092570,1763800,650171,1140658,1651271,1522736,440027,1043211,819096,307569,1572353,241786,1898182,1328871,1243391,390204,1426951,1029227,1028900,1027338,1077581,459531,398270,1488363,806297,1280779,1228199,856354,104934,43263,1596038,489983,490319,905808,1591943,5087,288917,2089981,1967361,1904553,1179973,958006,513593,1340251,1902434,1966854,1816981,230005,1878896,1729367,971808,1946060,101921,1947912,1322929,648637,746342,716772,1323852,1878463,1343385,433302,10699,1273362,1799121,1166130,542880,1934502,856775,616931,1443423,488304,775060,1352549,1164947,1130894,784874,1474394,130352,588016,1556181,506098,672033,646710,31558,1611361,432059,1567595,1207589,1208880,1956852,686564,1806819,1440147,714410,1769492,1685158,175349,521886,1788847,2085702,2028425,1305570,1627728,224708,691392,982079,728983,1441763,531765,2990,232462,382543,1948187,1229871,1457873,845788,1639030,790863,470214,1909063,1099980,442412,1485736,1900943,1943197,124454,1494930,486319,1411426,888696,837460,64142,1788691,1548945,1870576,1323360,57695,605217,1552796,1463781,215789,1477349,2095233,959533,1582706,84503,1485562,702353,1003650,1338854,1515003,1650480,233683,1018979,567553,1088169,1973844,396910,334882,1284282,1107520,143451,1517431,1673031,999950,1201004,1479797,1990501,912877,1402808,1297936,166621,
objcopy.c:setup_section,62
862191,1049403,1919974,1017509,1605318,1426273,2006764,1449527,1916886,1327365,1307712,915860,35890,1603868,615341,411303,236868,577453,1697239,990032,658771,133851,1321306,1477946,39606,343420,1928873,1470755,1480796,1201438,650808,1476517,976296,947366,1551780,1781789,159400,681783,1401867,524595,770737,691639,30143,470070,1042714,1509924,1187097,484047,846107,642625,1271661,414135,145751,814616,1158495,891940,110074,434539,1648823,1651156,478965,190756,
objcopy.c:is_merged_note_section,6
1953217,1732304,9066,1002907,605039,614636,
objcopy.c:compare_section_lma,18
415808,201258,671311,1406384,579626,921602,648380,725683,1539534,696256,1591243,619,609185,783884,323417,1965015,730621,216378,
objcopy.c:mark_symbols_used_in_relocations,23
1162320,86166,1366534,1873244,1483375,1045108,1418214,224205,2072772,415463,1228352,1799029,500717,193843,1736014,536119,2032984,445977,1630055,1220128,723844,1942036,1909448,
objcopy.c:copy_relocations_in_section,37
957212,293915,372721,474872,976884,1741492,109775,1580949,84385,1268181,721995,752431,1817362,13056,1521181,1731337,1710421,1753918,1450367,60590,1107227,1500827,1085284,1862897,404254,1700031,1835010,971222,1831585,1120316,809631,1636857,682601,408892,1425261,365915,174412,
objcopy.c:copy_section,45
1652338,754216,332214,354858,187568,290404,1647938,45917,1280452,1425603,1278449,16628,46868,59671,1877225,182374,1493780,753344,2095061,1761087,1200919,1344268,2076329,1422807,148581,2079787,762310,1017220,1441153,1221962,1310975,556486,243775,436445,320881,427161,54720,176354,1064462,1293527,253268,542923,1275425,1824757,539883,
objcopy.c:is_strip_section,24
1840653,256751,461310,1609818,742210,998137,1355347,843649,1086755,1033711,1024004,1559292,205405,1029918,1356992,882577,1323509,1400480,1639855,585423,746693,1454286,539266,1536590,
objcopy.c:group_signature,9
11743,1909151,1760128,505522,11704,1898544,1008091,372037,1823299,
objcopy.c:is_strip_section_1,29
2019267,588512,1650916,2091099,1340095,1208834,62082,1252683,159173,1245372,784041,102984,528621,1269404,1345523,576025,264401,1775178,402591,826216,205187,425068,1158476,141351,496258,1982344,546648,1865734,1099252,
objcopy.c:is_update_section,8
1975929,2033537,1615263,1619339,18952,965262,1667465,783067,
objcopy.c:is_specified_symbol_predicate,6
1437719,1673132,1162040,868641,1352539,1035410,
objcopy.c:create_new_symbol,5
393408,61955,385134,726987,199126,
objcopy.c:skip_section,16
1196534,173953,1063248,1235094,1836800,1690707,57579,1485020,1802828,244359,1861528,778597,909952,1921823,1066977,1886113,
objcopy.c:init_section_add,2
241876,231004,
objcopy.c:section_add_load_file,10
1804334,1054288,2041760,859611,1403438,928409,987886,1850201,1810535,578593,
objcopy.c:add_redefine_and_check,4
1695378,163122,427062,831562,
objcopy.c:parse_flags,30
2012150,1974063,431514,1166163,1579042,378310,176102,1994443,382335,1916251,181987,719053,800957,445416,834259,1896957,242394,371438,607915,1050030,1466223,975134,637908,709162,522766,1115962,925953,484967,620039,857777,
objcopy.c:add_specific_symbols,55
110211,106404,334299,1026513,2015443,1032020,1407732,929688,782428,968733,69959,2009948,1822559,625671,1328148,1799745,43879,1790964,286839,1320394,699716,1589645,165265,2055938,2061031,155735,915062,1029750,466296,985917,1041718,1135651,497508,1463776,1549788,989478,942281,162649,904152,2055239,1048954,901869,182354,507335,1489889,345942,84610,1520052,213904,1366466,1573695,1916045,740763,1526370,102978,
objcopy.c:copy_usage,2
415794,1598280,
objcopy.c:convert_efi_target,4
1018797,1152130,332133,922232,
bucomm.c:bfd_nonfatal,2
983115,41102,
bucomm.c:bfd_nonfatal_message,11
96227,159150,1411455,996462,1358603,191860,2001474,515796,873764,1830931,1184396,
bucomm.c:bfd_get_archive_filename,10
1720460,1375202,2012858,803190,1753812,1150201,914176,50130,951890,157494,
bucomm.c:set_default_bfd_target,2
1484892,69915,
bucomm.c:list_matching_formats,4
875488,262077,1248907,640393,
bucomm.c:list_supported_targets,7
1176159,838518,179608,1048674,443974,1749231,566229,
bucomm.c:list_supported_architectures,7
1171637,1110942,564718,1390947,402219,1578313,778550,
bucomm.c:display_info,44
13619,1602283,1337387,184491,1985358,1353264,1334890,1690331,707552,1322086,2093948,220025,424286,1557027,1286541,635516,1657369,392786,484297,317449,1810444,704684,578905,852149,1062680,1007800,1963888,350067,1850069,196469,48368,242467,972633,506190,1212532,1829434,397201,1974006,734830,165411,806086,759834,303884,963844,
bucomm.c:print_arelt_descr,15
919844,1096261,1992299,576798,1973982,227559,1906628,2015186,396808,1182783,523891,831997,424254,2002800,604582,
bucomm.c:make_tempname,5
784940,2029807,395487,1122778,695583,
bucomm.c:make_tempdir,3
2055273,2088971,882983,
bucomm.c:parse_vma,2
2071426,1801894,
bucomm.c:get_file_size,13
314279,408100,1558611,640956,1560492,236601,672813,32330,2094210,2040585,57565,1615783,1766304,
bucomm.c:is_valid_archive_path,33
2056389,1681407,800484,1989765,1044810,2040938,818332,834153,1752559,1224189,478114,842846,1913889,323102,949795,1834136,1732832,573012,1316925,1644748,1916850,1950350,995661,1692964,97166,338806,2041249,996828,2082064,1193356,1312184,1843741,251579,
bucomm.c:do_display_target,18
1384029,785227,1833087,423008,1242955,276486,2069738,1658769,948933,1493045,1363701,1168540,315514,1390245,1331438,381704,1113176,1549941,
rddbg.c:read_debugging_info,105
874777,1456024,1249953,1739313,1564582,449410,1239716,268696,721785,606084,729667,1460417,1801831,2024537,1127243,171742,2038069,576027,1926156,295077,1260155,1789793,65649,636670,314097,1659618,203326,1137481,1644022,1362723,431018,578982,1065079,1562806,1373197,190517,505220,938919,1941647,1358303,721191,1202356,1943652,832522,1307552,67484,1632558,13354,1801475,1494568,1336893,1613721,1568243,315830,2031078,1571331,497750,1579635,919221,1834772,413099,1868192,451570,548991,1360555,1233414,1631493,345257,1205471,418171,238068,1794515,568887,1080068,1592003,1617730,622793,1953608,1173164,1230257,351854,1036864,1116502,988780,2043209,1364219,1299302,919944,241428,1259146,720550,1741382,71342,320555,2003285,1681074,1917332,144183,2002909,1161505,442763,35940,1490155,1513103,858746,
rddbg.c:stab_context,11
1467863,1454821,825487,612780,673517,599704,776902,878227,1356567,2054049,635798,
rename.c:set_times,2
1614637,977338,
rename.c:smart_rename,29
32251,247097,1607502,948439,605419,1161011,556562,1465123,2014556,488296,382803,1024134,1184172,912584,1048058,1622968,111997,249434,318864,392903,467435,287824,1562140,250183,2035750,2016170,1728975,1857941,1707794,
wrstabs.c:write_stabs_in_sections_debugging_info,18
1275760,443777,1235648,2051960,1502665,1962273,1004819,1167451,1718700,957127,1079194,1883146,799372,1314103,1856440,686100,539158,1060948,
wrstabs.c:string_hash_newfunc,6
1312520,364791,874862,822773,225999,1821659,
wrstabs.c:stab_write_symbol,14
1422541,2015253,479691,1716764,1928419,150639,1809810,625605,1966617,2026622,605157,1900018,524174,1262549,
wrstabs.c:stab_empty_type,2
518712,597720,
wrstabs.c:stab_void_type,2
1668692,248685,
wrstabs.c:stab_int_type,14
219917,1330295,802012,1738893,220521,766486,1953899,1271972,990218,1941924,1700478,167413,2094379,2063292,
wrstabs.c:stab_float_type,12
1280956,1717150,83122,1552058,334075,1399805,1461145,644584,765096,1779797,894243,1172555,
wrstabs.c:stab_bool_type,4
634739,619608,7951,200733,
wrstabs.c:stab_enum_type,22
800573,692628,771025,1768830,1341334,1659698,1140622,2023220,26534,1563882,1233283,1418348,1979254,402837,526553,1178960,424302,113670,2019124,203277,856831,1968634,
wrstabs.c:stab_function_type,13
2070105,1806020,1503416,920265,1912036,410418,182266,1684192,1416825,2035945,540437,939304,1934963,
wrstabs.c:stab_range_type,2
1725716,908404,
wrstabs.c:stab_array_type,12
594944,1394749,880844,1576563,1440561,2042571,1088433,567082,836504,1441474,1727884,827761,
wrstabs.c:stab_set_type,5
347169,1712617,1360215,1572931,1405226,
wrstabs.c:stab_offset_type,6
161820,1671543,1990028,1032678,768780,2063133,
wrstabs.c:stab_method_type,41
699433,1222618,1577784,2025666,1423386,973966,251416,1562720,95037,597725,1059713,1995240,1187068,790885,954726,1194559,1559353,1697914,1173376,1348378,1902112,1538462,462223,1880724,1874825,814118,553413,1789975,1642973,1599178,1240576,57554,1016611,1742762,1284744,592445,1219181,1146081,1037786,141513,1310951,
wrstabs.c:stab_start_struct_type,6
1652845,1667837,1507694,1829377,1714205,1706306,
wrstabs.c:stab_struct_field,12
1675578,1430075,718600,218025,1707372,1344801,1021459,1685955,1100894,21451,666966,2002256,
wrstabs.c:stab_end_struct_type,5
805795,1087230,610131,97456,1322150,
wrstabs.c:stab_start_class_type,17
1509746,48047,1254644,1067825,414569,787729,1155104,903126,448059,768692,1647602,2087645,1997335,1334064,789181,1525171,502661,
wrstabs.c:stab_class_static_member,8
1929546,1231486,162447,892352,1649428,741649,1126860,2025496,
wrstabs.c:stab_class_baseclass,16
1542872,1372887,116474,36837,1270710,2009601,1027794,174796,75263,1760408,955186,1187888,505914,962866,1022093,1431175,
wrstabs.c:stab_class_start_method,6
370004,2001178,1979981,1937016,766882,1852269,
wrstabs.c:stab_class_end_method,3
167423,557712,1336196,
wrstabs.c:stab_end_class_type,23
480398,776578,701693,1500671,818114,458617,893426,859048,1315099,738316,1895417,907277,1202722,1580448,1317388,1981403,1013723,1368920,1943321,1282824,1198051,816421,472911,
wrstabs.c:stab_typedef_type,3
791778,320195,845822,
wrstabs.c:stab_tag_type,3
938140,1768995,730649,
wrstabs.c:stab_typdef,9
1804144,2071784,1748671,252073,606620,1792878,762527,1533733,888103,
wrstabs.c:stab_tag,4
1157266,1697503,1112823,1595921,
wrstabs.c:stab_int_constant,2
102121,2094673,
wrstabs.c:stab_float_constant,2
422905,783655,
wrstabs.c:stab_typed_constant,4
1392909,1385893,1455613,1743226,
wrstabs.c:stab_variable,12
1784805,2045117,1987549,1130879,418797,427972,1177403,1485431,1194507,15143,1187465,2014949,
wrstabs.c:stab_start_function,7
1233973,31054,1199051,1743774,85729,10939,430655,
wrstabs.c:stab_function_parameter,6
1023790,1873048,283920,1378504,135672,1155151,
wrstabs.c:stab_start_block,10
2093271,949615,728688,1217607,678871,436870,1206211,2017233,498725,261816,
wrstabs.c:stab_end_block,10
1200189,877126,991012,1156309,634338,1277500,459774,544374,216400,1948204,
wrstabs.c:stab_lineno,8
2081489,1220765,810521,310547,1491584,734610,610076,2078731,
wrstabs.c:stab_modify_type,22
1770214,630620,1352198,937858,2038084,903282,1147062,1052604,1042256,224796,1317064,1064871,1107706,1306118,1314065,1221718,328434,1294528,1663308,1395452,1617467,1761573,
wrstabs.c:stab_get_struct_index,14
955916,1798777,893242,1753797,461764,824651,423846,1190101,1321315,627888,69854,1233230,2057651,1240251,
wrstabs.c:stab_class_method_var,32
733113,148191,1621697,1590050,1873389,530942,1968212,1807472,1389211,2032819,1215088,165972,388819,920953,1930732,1927284,968724,158571,1925292,911057,898164,1939531,700441,1064132,453120,605875,1563354,856000,73897,204340,1841006,474171,
ldmain.c:main,151
221038,1941084,829444,887792,1610030,165343,973992,221068,1884294,8643,1312971,865352,2078265,336691,1328864,2015036,33258,172266,1894939,1435945,1972233,1186655,879954,673030,940857,228433,1648737,1801790,781033,336870,2074081,1562648,16571,872889,697821,1222175,1812972,1421976,1719401,1262870,679527,719782,487937,1860964,465749,1281716,355437,452865,384975,186367,1537438,1655699,1720221,1849032,978378,1905577,408902,1889019,952628,68659,1753513,1861056,436,383808,1542525,1468207,1978718,138917,2007279,847107,905547,449259,1183740,114138,1893957,1457595,1533172,1562118,1438269,1919019,418949,1866453,219678,1902304,1896167,1018310,1307791,2019013,1708696,433597,218796,958669,1015539,1188425,272409,1240299,203215,991874,917819,552698,1449285,1421398,941427,1054305,1379258,2058473,1281942,1252870,1343625,556986,1354436,210241,709735,1980545,1999142,247237,2007100,2011200,914742,1404347,359103,1794902,188507,1841375,1294764,1051015,1343,12548,366219,241481,332032,1619485,60202,1093356,404735,1171793,1766220,307732,1820164,1389707,353164,1569825,1604826,1065586,1478314,142103,1795786,2052328,1197970,733780,1449084,
ldmain.c:ld_bfd_error_handler,2
269391,677965,
ldmain.c:ld_cleanup,3
975727,629078,1418754,
ldmain.c:add_ysym,6
611853,1336751,376649,2090573,1612253,1568159,
ldmain.c:add_ignoresym,6
1897113,1069723,474715,503484,1611925,944799,
ldmain.c:add_wrap,6
1349999,593715,91657,864169,806746,823037,
ldmain.c:add_keepsyms_file,29
408953,941207,951984,1234941,1935549,1749877,2011016,139760,929085,1718527,907934,63859,130408,1703101,1031796,23398,1245446,1364804,1376820,852223,710106,1528330,661158,52607,655499,1772176,1986224,465873,666911,
ldmain.c:add_archive_element,44
956635,500809,1042305,1944639,1846533,812550,342372,1106553,49474,1441642,1260803,1873215,1563422,674711,1781769,3966,943178,1621286,153879,198288,595928,504865,436343,711851,1281978,587899,56330,1381457,29098,1551896,1300638,354968,2060638,34995,1347875,20625,1244122,784951,39758,69130,1553144,1767366,1020992,1132076,
ldmain.c:multiple_definition,24
1010687,763806,45531,360838,997876,126382,629117,95250,672498,1456552,279852,2033993,85560,1345320,658726,59490,967064,1883586,1942070,1021612,543106,1091393,1295002,948310,
ldmain.c:multiple_common,37
2066845,582605,1833392,2082542,126501,928352,1710954,357488,1811139,1593462,291195,401700,1665917,2006524,582585,734116,1165392,801824,1836167,723433,20773,650743,542476,215442,1152153,1912522,229676,180497,1710164,662209,947551,747876,615894,917424,239763,220425,1195490,
ldmain.c:add_to_set,6
1992263,1879399,1994431,1919459,280597,2026871,
ldmain.c:constructor_callback,18
1947576,550964,1835482,1908958,1514307,2035907,782609,1975436,439054,1874202,714589,444719,493698,324517,319009,1235389,1894121,682067,
ldmain.c:warning_callback,22
1187717,21505,921574,939451,138778,610066,1891509,911998,2043566,1120815,1623744,1214407,1699570,15035,41846,1031838,1190977,1834435,1013604,1719583,1494469,1730215,
ldmain.c:undefined_symbol,33
619615,1797774,1901778,1006142,169618,1273972,476042,1268575,1986110,1747452,1256605,1095335,64318,1325439,950264,750463,1503563,38757,1272522,639408,1168296,1214177,1105236,65076,588862,2074130,1200112,2018524,1790079,726067,108162,115919,1927615,
ldmain.c:reloc_overflow,21
822764,1199575,447974,1278401,1915059,2047753,1280679,1695511,287779,232818,2062903,1455963,568938,71196,1078700,839534,1004644,1266484,212677,1017619,734218,
ldmain.c:notice,13
2010719,1507683,1175403,310399,2004614,1333968,967968,830399,490611,940823,1713411,1272103,1300934,
ldmain.c:warning_find_reloc,19
1330477,1515365,1189621,1982442,940859,298463,371763,1527408,1569351,1511485,1437388,114546,1235090,129375,613549,1894822,1651711,1911571,644815,
argv.c:dupargv,10
1053991,1387773,1364538,418254,1376738,944352,437976,767264,713482,291012,
argv.c:freeargv,6
911720,547371,1747191,1415720,566891,1616485,
argv.c:buildargv,45
1456831,1345403,1616436,1681771,583816,1036064,177513,1169268,1120938,40290,1066125,1429579,1380865,1860796,375801,1471487,190084,459698,386244,605390,573289,1991853,1347631,1641798,427097,306924,172598,112234,387498,1404067,1256008,498780,1498141,1155460,1002796,757294,1305153,229735,1715965,927050,1456470,1539133,873325,1085379,1527246,
argv.c:writeargv,21
2024123,1170697,35043,1384229,358920,854202,1865958,1768210,617836,1870075,1432933,681708,761309,429130,718704,141831,545327,1071426,1884215,1770875,648377,
argv.c:expandargv,41
1262198,590129,415726,223127,655699,1418043,433823,795288,1928889,722178,62516,1286096,1847876,1492446,1219144,2049525,460856,1317447,1750467,1065231,1099483,1646421,468323,299108,1858549,273628,191640,957856,535732,1463964,396822,41915,1958839,1734260,802784,1921168,1088462,1338423,1814994,1856845,561666,
argv.c:countargv,6
1400305,1593046,695670,614159,1786503,1478819,
concat.c:concat_length,7
198539,998699,1776049,183015,1607466,4685,1270945,
concat.c:concat_copy,7
539920,738007,1176190,1087590,105606,455094,1445904,
concat.c:concat_copy2,7
1544446,1618453,423692,1426622,681247,1634314,1289998,
concat.c:concat,14
696232,965124,663218,1088319,1225593,1337694,921846,1066848,641082,1191106,159976,682384,1717388,1099083,
concat.c:reconcat,16
1555192,796397,755720,1390425,1367500,1161196,460350,1827141,97375,1652795,1310980,900841,264396,960402,849705,1139182,
filename_cmp.c:filename_hash,6
101389,106997,961951,666550,1937210,1902142,
hashtab.c:htab_create_typed_alloc,6
1784145,1610729,1257125,191840,673329,1176138,
hashtab.c:htab_create_alloc_ex,6
1553071,1366257,961811,758187,1131133,1581176,
hashtab.c:higher_prime_index,9
958638,1125784,1424986,1190143,1024757,2043438,2094047,510991,368391,
hashtab.c:htab_create,4
372436,557991,1445432,1247746,
hashtab.c:htab_try_create,4
14292,1746872,2005697,2056959,
hashtab.c:htab_delete,13
1784125,1381992,399620,1580837,494328,484032,150805,595297,676734,164783,575939,131481,1694257,
hashtab.c:htab_empty,20
88547,389560,539980,1433148,953650,134418,81523,2015067,1634067,1417979,591962,1285501,22575,72122,354520,2032411,1272030,491423,401353,1636830,
hashtab.c:htab_find_with_hash,12
1660188,1792338,302844,210116,1778974,2069123,1625657,1030529,1021762,1802289,771879,1819350,
hashtab.c:htab_find_slot_with_hash,29
2062368,1758767,41041,1721572,972542,1345789,1029859,1115145,1086849,985465,247438,166434,1021494,548330,1609120,1740130,484150,1940905,603038,129269,884931,753815,933812,529320,858926,538863,1433628,278412,576869,
hashtab.c:htab_expand,31
54191,1097271,1663174,1098914,9461,975101,1180382,1613789,1677672,1706006,373958,1624626,1574144,1618118,1319073,582147,186674,1070434,1163688,1259624,1774150,1311880,1997607,694425,1278966,1687967,771060,468593,79393,3457,87396,
hashtab.c:htab_remove_elt,4
674579,167871,26766,1817211,
hashtab.c:htab_remove_elt_with_hash,4
407557,1423965,254437,450803,
hashtab.c:htab_clear_slot,7
805395,1252142,1285542,1611652,174104,1743696,992360,
hashtab.c:htab_traverse_noresize,8
763166,8010,1314801,165444,1321167,431917,195288,1972400,
hashtab.c:htab_traverse,3
1635217,278709,1076854,
hashtab.c:htab_collisions,2
716258,1221236,
hashtab.c:htab_hash_string,4
185248,1067924,601720,747395,
hashtab.c:iterative_hash,23
664975,644506,999905,1403421,516502,21025,147649,1072394,349298,1990610,643451,1955919,1982474,2006307,660629,1096772,621595,58871,1609801,956172,963850,420902,536288,
strerror.c:errno_max,5
1549539,997194,23894,149761,360767,
strerror.c:init_error_tables,12
2048831,1800336,469272,209947,896187,345311,1139221,843711,1636925,648305,685670,1657034,
strerror.c:strerrno,9
612518,253885,1548520,874598,1584151,818413,1574164,1534551,1553314,
strerror.c:strtoerrno,13
1274030,198340,764973,1108857,1095205,1513970,1380239,238864,791616,151625,1190432,146844,1692048,
xmalloc.c:xmalloc_set_program_name,2
1821597,920420,
xmalloc.c:xmalloc_failed,3
2001810,1097961,2031443,
xmalloc.c:xmalloc,4
1786403,1977169,1333644,1098268,
xmalloc.c:xcalloc,5
119731,147015,2070608,1263851,1841894,
xmalloc.c:xrealloc,7
1774580,2047539,557689,32453,599264,1557345,115260,
