objdump.c:reloc_at,9
1866034,436409,1733491,808803,65428,844909,78202,228469,1139090,
objdump.c:load_debug_section,9
488602,421351,170725,1743913,1143400,1975900,550766,658722,1522760,
objdump.c:load_specific_debug_section,21
35859,1546752,848858,1789486,275078,1415894,597818,207082,458291,416967,1241166,2060484,186696,767545,1501273,1140480,427565,1638420,884589,106332,1251558,
objdump.c:free_debug_section,6
476684,1329571,771394,1061574,1892914,651578,
objdump.c:open_debug_file,4
1325502,273192,1683693,189049,
objdump.c:main,132
1214445,1317101,1893037,2086468,1264205,1424444,993099,327504,347573,855703,1594666,1999581,248404,818912,1950086,561966,1624575,1823094,1983605,1322678,956133,794396,1306834,1616573,413826,1797743,1882406,734356,1875794,1965755,464077,698957,212484,1411961,140157,1249596,1287458,948370,1068740,54397,842917,1393906,1455161,661830,1584379,865381,961003,2039957,1989237,1272425,1992253,1128533,371709,1679701,447543,825863,1489086,1918632,153727,2080900,1013743,1689411,316315,1051082,889830,240642,651224,1967491,1348927,366230,1186986,989779,1314710,1426017,1294569,1109392,161742,88755,236715,686457,1366192,1911476,199123,943197,1234704,1247368,404368,903460,951254,1090363,1642090,359832,804254,184737,1588424,70362,1798293,777728,1666503,1448314,933200,1128594,738526,959494,167227,1838452,55309,1515997,549719,1900533,474776,898455,1855582,76182,1299956,131837,25876,1473572,1195334,357031,288620,1074727,199464,1203492,97155,790175,880617,747849,1267662,2063981,251377,606471,
objdump.c:usage,4
1359097,1041655,318806,1819841,
objdump.c:display_file,6
1497019,951355,1290988,348515,1064569,1960075,
objdump.c:sanitize_string,17
730170,487082,1434804,371147,552577,1963434,960511,271802,209473,1886744,791907,1305823,798643,1373887,695878,1711247,1847582,
objdump.c:display_any_bfd,32
1326728,555088,774264,578343,922188,1548485,721019,1188481,1367298,1251559,1966131,133156,1816263,382524,157930,1531536,1318190,1085383,1097138,635849,1105428,1116164,1845140,239907,90729,1691256,1444516,1202575,556295,496835,1718055,101732,
objdump.c:dump_bfd,172
2017844,934395,753689,940005,1657427,1588413,166511,423550,1222634,216950,1842067,1733626,907473,1015435,64529,1467469,207131,1003052,1874958,722786,1902076,743497,2042367,228676,1184702,1737848,1865152,1230827,1507632,1203850,1266279,1557382,878880,337079,309189,2091920,1273913,85548,1905313,289826,759851,1922481,1304845,1203325,1205268,190334,884190,1847805,113847,322605,1147599,537149,1055639,1543489,936923,1856664,1763838,127474,640999,1686856,1640822,123510,1527755,93779,2059048,2064639,733758,1433856,1127334,556046,616357,1663880,1997552,1254575,1025001,290514,624318,996531,288188,1696524,1506696,1359580,71495,1932700,1576477,1165935,707152,378727,426865,1148952,380430,2020537,1853491,1059670,2010228,294612,225901,1563074,253324,1496227,1790216,1925484,1297674,1007770,1840362,1079254,1499037,1128389,1922556,1299904,749950,1158252,1151556,1273249,2022797,1137530,1237334,18927,1172922,65244,1086267,1039772,49985,1743530,161918,1711022,443647,1887720,1396298,902932,1736141,940653,909172,1314180,1986277,901074,426770,1463546,2011857,352146,2056206,988491,738139,1997905,1842877,1359229,746995,261039,1162311,1641110,857492,2026829,288727,1761018,405995,280055,2079181,767751,2047607,757454,1472189,1178047,222261,1778200,917154,338857,1767190,961756,1661758,162198,641635,335651,
objdump.c:adjust_addresses,4
1710801,1343833,1771907,1357436,
objdump.c:dump_symbols,26
23666,1268977,1877418,1630500,175031,374914,140739,1900988,1962294,1773099,408288,1130442,1115001,1683193,381258,1936702,1381810,650851,2058553,1859497,56404,2078654,1473930,1999641,1848525,1845850,
objdump.c:dump_dwarf,16
1687187,181599,1256263,1494793,711118,2042445,345719,1157853,780344,443552,1057457,1033892,210393,1773308,514818,121428,
objdump.c:find_longest_section_name,6
303994,809890,70667,1100626,1541875,777562,
objdump.c:dump_section_header,66
1642064,97562,758461,1162004,966169,153003,1035127,1138329,1351166,1654799,1562784,1118266,575068,318086,1167660,1907385,933912,1037828,448910,1411140,201425,494490,1393303,689346,795425,205325,614530,1894510,1445332,1209390,1211092,1228412,927419,1740226,271768,694256,521206,1709746,724415,464674,548933,1780898,1993591,255910,1693700,1857611,387771,855493,1157959,594367,1552782,1902921,380219,1891345,1817456,527322,928866,1432701,1789325,69924,1056759,96363,819254,662569,1450424,1309789,
objdump.c:process_section_p,8
448409,882890,533922,1933262,935950,523465,574501,592970,
objdump.c:dump_dwarf_section,19
1547626,1652549,493278,1951764,603616,1192594,1774119,862942,1520789,954004,325763,211787,1153546,1029378,594266,1994723,188090,551974,1201880,
objdump.c:find_stabs_section,25
1993901,923768,1762385,1494574,726111,176856,875771,373077,1764333,1822810,1157520,221755,364665,508059,1091214,1323226,1418283,2077306,750578,1611692,295787,1059653,194015,161965,862202,
objdump.c:read_section_stabs,5
557755,207549,977661,1189356,1488854,
objdump.c:dump_relocs_in_section,20
1098507,1171381,864770,1503155,529111,994886,709091,1996457,1390117,764303,2046047,77738,4417,728658,443968,1377191,835288,1962115,1602955,1218255,
objdump.c:dump_reloc_set,81
288662,859813,73376,1900860,820389,1618662,1890071,925728,654648,991110,1774747,543941,722570,115791,1777022,263288,1450036,966286,1882219,889754,1338006,1374741,10513,928262,1857705,1763778,93369,2048184,619471,1044313,1400870,267874,333550,180014,2004155,724074,1481033,278783,204982,59556,1029265,1500835,2033902,1938574,1518691,855563,96184,1576163,260446,548351,728795,1412459,1274090,1604223,801135,1444607,1389961,855882,203006,1882933,1583039,446955,1764782,11805,1682145,95526,1832583,426464,1102075,391441,1597314,1636458,587186,119683,1092493,414739,546809,160452,787661,142516,732415,
objdump.c:objdump_print_symname,20
686442,1746028,1477367,1046442,557010,1607704,1436729,491506,887931,1461877,65228,67213,125973,397939,1227529,506533,1598200,929726,906361,750071,
objdump.c:dump_section,73
425622,1559689,358361,1321611,1538042,451811,597870,1828952,1373899,992334,1260093,321095,1654276,1739556,1129839,1926858,653098,1320660,1343438,160600,1231456,290447,1131436,456018,151986,912459,850067,76068,387225,870678,110947,975373,2089779,1775505,744000,23241,451365,1707631,335936,1990985,1514850,1900002,2039848,674957,1694543,1846985,148867,472384,924087,1477559,2086843,1546392,1814490,2023858,1223368,541197,626833,908832,222967,899450,1032273,1625849,1374489,1322635,151819,1869511,106691,582567,378470,1974456,329813,145753,762549,
objdump.c:compare_symbols,67
1526175,541223,805875,977756,657484,335654,456517,586010,628984,1547628,516731,1720825,1430786,812536,910133,533973,463450,667630,551540,1603898,1900480,1091992,329874,488722,273551,73258,1865298,1184317,1747570,678319,1474788,899707,190336,1110412,1115572,1950901,459558,1178745,526591,1748292,1606667,1590425,1518482,476593,577292,1729451,270053,1893167,2192,1202266,1523585,2036664,2001756,675424,688573,1231337,50963,1572901,1402201,641193,1107255,1934422,805498,1837697,539712,1925454,1998826,
objdump.c:objdump_print_address,12
1949288,886072,237473,854125,1772734,96269,377381,1200826,1380812,1292066,1588237,851367,
objdump.c:objdump_symbol_at_address,2
808103,174442,
objdump.c:compare_relocs,8
1357224,404220,1979547,1736921,767786,1588679,1398983,1691851,
objdump.c:disassemble_section,128
1086267,697787,1006454,1588009,1990267,1826322,1733303,1337624,2076880,105584,934985,2079144,239248,48987,1158468,1317445,439212,517511,1907934,1943206,350593,405116,1575988,980120,1387433,1417840,831058,1928038,873352,611386,1620713,82252,1846912,1408440,608133,1361592,829719,945471,1412296,1864273,914144,927845,487642,718357,638605,1295662,1161423,124940,1977679,471725,690723,1447386,1502873,1828999,124146,1520596,683929,686341,1110020,435413,637289,1910792,1011839,612743,1471961,1381026,820634,1585975,1026966,1044374,816790,92251,819107,575139,86138,1580601,644477,424988,1332822,451530,25048,773164,466664,1072039,1579810,547591,487079,1800168,1418434,1138161,1288709,130848,2015853,1492350,1593567,1959155,1679284,367147,897154,1542427,1458447,679261,632709,1154560,660433,1458564,817180,1785176,48096,1987405,1027102,1163128,387423,658031,872309,1664390,96173,81978,628776,682875,1432107,1141200,1633700,888017,2009599,1226308,530526,1548784,
objdump.c:objdump_print_value,9
1822559,105375,212970,831320,2016264,1038026,52684,1837098,1765189,
objdump.c:find_symbol_for_address,133
1636928,1710372,886381,1206064,465217,307822,557388,26513,630946,335376,548627,278413,802376,1210403,1815890,1423470,83025,1783459,562357,984944,531810,944425,1325997,1751961,1210422,1322058,244673,1248550,1931570,1589372,1240241,908822,1952380,195521,1487501,1445161,376080,1011357,1263372,1561869,656351,38539,290095,1948073,1648891,1774821,258832,18095,1181621,531647,1394082,494129,172090,1375088,74500,1812105,1626580,1631875,1040582,2041189,825938,1384303,208198,1198832,1616015,1961789,1610135,585955,1864252,1120535,703696,572451,588981,52649,1589971,124733,1715545,1403528,814283,1216411,138535,1246091,1439815,1433743,1695938,1048516,1292615,535607,1728142,1414008,584943,1539719,950626,29928,1351304,903,230237,1141358,981888,779816,935076,883157,1352149,2012136,2007021,106949,770582,698148,395611,1388965,1974417,1139603,539710,1777554,661758,5121,191400,1727375,209890,429536,874200,614571,86001,1268838,2040797,131376,1950519,2025564,1454788,1914675,69033,1616230,710922,
objdump.c:objdump_print_addr_with_sym,20
1803982,791660,1040572,672852,1213490,870712,1240467,945827,635267,545671,1192271,172493,2019854,832439,501960,688233,367023,345158,1048602,965587,
objdump.c:disassemble_bytes,347
1776864,550117,553504,194871,197987,1752450,643849,302902,69319,8332,581551,780070,79308,259018,46087,1292851,963753,645979,1241762,608877,1581392,732856,91967,694641,73948,732566,1399540,1604074,540713,509606,990545,312599,1548275,1374404,1799428,35482,150304,1411758,1804097,403558,712221,436393,551609,1493457,1806407,1679122,1708370,556947,853148,1852378,1817480,1839093,559047,112904,1162946,46886,1652587,1889777,426594,1199366,1191995,835650,675906,1962706,1226796,2084478,1508640,817756,882966,236529,1447124,1823929,766695,1109604,805485,1329139,993155,703541,1460234,1100963,189875,1537002,817557,1669052,1188267,1649284,91844,1540799,895464,2051829,765069,1601278,1351453,1330133,776763,1304413,1422234,568002,1001869,1843162,2045483,631224,674204,898715,628122,1173466,40056,1054264,885259,8892,621190,531509,2057568,88911,1239414,1055271,1230217,1227921,1761367,1376938,882877,1685529,1130844,217291,929888,1580974,1539489,1497351,1114842,365040,1421184,1444850,1009654,361519,605104,966207,94557,313764,1197226,1144352,757239,1581041,643505,1699483,470350,2015452,1387682,348632,1938770,974054,351456,1934704,397693,1671414,682372,1624882,1346789,1639188,2090011,1651491,1208890,257593,835790,799605,1316377,1124130,1616768,16695,1112999,1512229,309572,1137831,51579,1549505,1921387,507649,576483,1532546,1371467,2089681,2008658,161374,2078343,1445583,1866178,792410,1900621,1734961,512956,1996639,194006,1370317,1172378,85611,1040710,1037386,1194800,383338,1376829,173030,592430,1224455,798529,250948,2049578,1648677,557572,916921,1727553,79492,1080673,1623327,218487,1354313,1738434,644021,395631,629612,633588,408493,1030996,732446,881860,1221366,554748,1183372,320586,1813742,619060,37238,501094,494056,452583,2090885,2004229,1672185,362245,429489,1956847,1756367,854562,2049864,1552135,1714222,740206,334387,335568,40874,1952111,1874323,436834,700109,1756836,2043186,683302,2030974,447837,615861,1652988,2074017,1984391,1537343,1139695,1010959,1612824,756691,140334,751587,489247,1416549,302870,613261,1236905,653529,1462053,1088784,941646,1572100,10040,978843,1274037,1575372,1095183,1214390,927428,659827,1884159,1981006,405059,1816655,1167777,1119253,1337263,2093612,1080109,873016,613686,1671367,581043,1196147,1322393,641618,1031911,36162,1062856,1206930,563952,145753,823234,1151367,1117517,63186,278468,1342921,426007,270831,200739,760649,1437921,572468,552476,537107,2008431,920492,825073,540704,1999091,1576643,241292,1039918,1264329,318548,126046,600567,1876009,1967593,855283,1447762,1090408,1501075,245810,1760921,548518,328156,2062824,1457110,581672,
objdump.c:objdump_sprintf,4
597919,757704,174535,274370,
objdump.c:try_print_file_open,36
867894,452525,1896215,489608,1361263,1244766,883168,168292,485943,482247,1363967,1621560,1771639,1063220,818673,1991150,370092,1905073,1889457,1469294,1032947,81449,313041,1030288,383706,644886,479303,1612407,451407,2812,1916067,859497,243334,358163,964947,1189208,
archive.c:_bfd_ar_spacepad,2
577507,1388224,
archive.c:_bfd_ar_sizepad,4
388429,1779204,1130367,921435,
archive.c:_bfd_generic_mkarchive,2
1737205,229645,
archive.c:bfd_get_next_mapent,7
257478,1848153,1933366,92945,112004,1934273,558945,
archive.c:_bfd_look_for_bfd_in_cache,5
488282,661239,1205632,842077,1777995,
archive.c:_bfd_add_bfd_to_archive_cache,4
1793863,2092013,1506547,1507549,
archive.c:_bfd_generic_read_ar_hdr_mag,55
409364,1970784,1642828,1250860,1026142,230310,1540219,624388,497946,1153975,620552,1215316,1437097,1751180,1434685,513365,322975,2089627,353575,1623483,234164,867653,475233,1878691,1224909,216051,1770333,65573,544393,1956770,881178,1725975,759980,1072804,864633,396121,355777,776030,658663,1804190,1493083,1631882,1354456,179390,1417056,1780776,411991,1405235,1030898,188376,980022,897178,1848272,69658,133625,
archive.c:_bfd_append_relative_path,4
196204,1796937,695821,1428389,
archive.c:_bfd_get_elt_at_filepos,54
855939,914220,949375,1949164,401031,638345,681290,1173905,857015,1154524,1334808,703369,817706,1261946,1457395,291586,1341476,755747,434866,451157,1490669,1425305,610718,1653276,1427083,297254,1998798,98600,1403777,135727,1953730,980203,1633120,1391754,246557,806732,835262,1812035,636943,816561,2078808,631613,17286,602655,2090760,87931,1165697,1048240,706933,672500,88602,593566,1614117,272692,
archive.c:bfd_openr_next_archived_file,3
1676608,120782,105916,
archive.c:bfd_generic_openr_next_archived_file,7
1541568,1482609,1544265,785454,1326403,603179,555665,
archive.c:bfd_generic_archive_p,26
620334,166452,610245,1632800,1068467,281118,897593,209036,1154295,1126711,1797676,2015969,108868,339978,1522712,2022161,26656,754830,851479,764111,98818,470717,1447129,1999920,333206,1044025,
archive.c:bfd_slurp_armap,61
1603303,519709,110911,327067,1755330,1679517,343537,321735,627673,1017810,33923,1722902,71130,1985324,557997,438067,1895040,1776319,1817463,1542422,258311,1160475,1461982,1796865,470904,718994,108900,1985879,1970414,584366,709097,495407,1980209,415784,180809,1079009,985841,1040970,1624542,343174,1458207,503121,1406912,1747137,168748,1711433,1256785,1384830,284262,743211,1661668,904193,1964553,901028,588694,1490238,209218,1516857,288056,799152,1401195,
archive.c:do_slurp_bsd_armap,19
1334649,523121,1700671,325789,1272455,71800,440662,2024659,1431145,488740,465952,720440,216936,1052500,1465301,1429521,917372,1325126,662874,
archive.c:_bfd_slurp_extended_name_table,31
867622,1541221,2014826,878624,1226422,361383,1036849,315969,712993,668634,1548994,24885,739581,736854,1463148,1618471,1237905,1173041,947271,1000761,167131,1791704,92328,864118,543426,473662,1569535,876632,1440804,179520,916062,
archive.c:_bfd_construct_extended_name_table,99
1040420,763379,1212395,70823,1787192,1478148,1441934,1492265,278645,1741652,2030960,1250855,1426000,326774,1401309,1306359,1299651,460886,1683236,530898,769663,757868,1482371,323346,91521,416173,1181882,835769,164384,19098,308227,1910270,1298043,2022773,805714,160252,368414,1689824,1071102,1514651,1981017,1187952,1500700,1576478,1089112,1133626,823882,908066,1220750,908902,1290206,1504690,1987275,1412255,1013381,26697,663426,1962994,1141219,1732059,940746,1530519,1715279,1789402,1175120,768189,1670307,2026796,1273090,424504,74501,1086566,1665852,804901,297577,843099,1208343,905800,617900,1665347,1199203,64044,512112,235636,1335587,1974522,1111343,50863,1916345,1389962,1295573,1355094,412377,1233234,761792,726146,1137814,636201,783878,
archive.c:adjust_relative_path,69
1337977,1531979,1432401,82132,1226213,241877,18096,654933,1944215,1536932,436,1881727,65416,1516773,475163,1573455,225813,931337,1554452,1044327,914795,1202537,726502,208929,827629,1653863,1947433,1554647,263675,617315,1177768,454827,1101901,964643,302482,1242715,1198022,53016,108418,400938,2007806,1764112,1396087,1773785,98724,301449,387566,582921,45289,2048669,1459383,1565048,1542332,387627,1880009,489646,746215,1551598,1378214,1704913,1522179,656279,665486,1302061,689614,1058546,350658,612099,47354,
archive.c:_bfd_archive_bsd44_construct_extended_name_table,17
1446589,1788292,1620874,2092841,482505,206400,753691,2096628,1541174,552019,1375738,1999662,1293479,863575,49007,808153,741141,
archive.c:_bfd_generic_write_ar_hdr,2
1334679,936648,
archive.c:_bfd_bsd44_write_ar_hdr,19
1340185,607120,1509420,1178013,673630,76707,1368119,370131,1789579,1523797,1472036,1466932,971248,682330,375786,1539144,940980,1165404,1409924,
archive.c:bfd_generic_stat_arch_elt,13
1862144,868301,1212051,1294146,1409897,1148640,1542575,312195,706562,1023278,1492219,910719,1017883,
archive.c:bfd_dont_truncate_arname,14
983324,107795,332401,282498,1811640,1339971,979580,1995207,1489260,554593,255834,987747,552897,581024,
archive.c:bfd_bsd_truncate_arname,4
1317026,1218164,1685043,499294,
archive.c:bfd_gnu_truncate_arname,8
1198747,1120995,179190,1921869,1016532,1189838,1163403,112943,
archive.c:_bfd_write_archive_contents,103
908436,601198,1483506,827797,683978,906579,1274769,192161,90514,1289600,1676972,1428474,837090,1004992,168440,1322578,121474,441057,1008847,211209,1217664,1964694,426509,771646,1372860,786727,1078411,1549032,639210,1818842,1574808,1884527,870893,1204111,1497287,1475413,435956,1013081,1402659,1379489,1748821,1631048,187114,548430,1539801,1633974,1314390,616587,1649782,1967872,1138866,1667717,591937,340136,271222,575811,1788689,652973,1192636,704975,1471524,1652742,1663147,776894,1992876,168543,1993747,512261,322755,385976,474870,516870,1071495,45059,274094,802264,991832,337229,530032,1773605,1761737,1460346,1681257,49713,727852,500838,1397478,1369130,90399,538801,67071,12961,1698920,1616732,1464314,557556,1138182,690080,1893358,629147,1175484,1726781,50542,
archive.c:_bfd_compute_and_write_armap,65
847631,315796,505436,630346,1441771,868587,363914,157385,1364649,842220,2017854,697371,1162485,1679835,251513,1790873,1871320,388425,392384,798001,1250885,698355,1902338,439117,54155,1127412,1919764,524707,1600487,1777211,1837768,853994,1480449,1891540,164039,1609838,161826,932572,1066782,1136847,555875,1095795,1991891,1363585,1727892,1250076,417425,983293,1249337,1673557,1370071,731149,1397284,1498909,938258,1487852,705712,1872622,9845,2095678,85548,1109094,1255520,303697,772918,
archive.c:_bfd_bsd_write_armap,55
1821082,1066345,1577735,21648,733392,1518097,356889,610587,727108,1271414,261017,1974237,1859937,1365348,1540312,2043736,86951,1719322,1379406,547027,603725,139738,94629,1092973,1370757,1547372,1624199,904735,459912,1453466,214045,1167314,315827,1965683,433303,1710880,383530,1997643,503792,1299896,1260700,1409172,77423,77579,389686,440407,833943,904728,300054,747852,1188817,1770385,115046,2050506,567189,
archive.c:_bfd_archive_bsd_update_armap_timestamp,13
396236,2003367,518485,2022164,520973,29958,918430,471950,2013672,499265,1505361,1025952,1163277,
archive.c:_bfd_coff_write_armap,70
752319,1759837,272729,1050245,1864329,162583,67643,6888,1644937,961502,651324,791739,1542394,741519,1378543,1612193,924275,1353218,1333799,1375949,1875042,793166,124938,2040286,1725372,1789611,1782659,1430133,684147,1699096,1979296,2096400,391863,2003423,1658777,729486,723602,1282200,225554,521263,32819,133318,697921,946227,1637951,1347606,1762308,229362,602168,1782681,1417855,1600461,1937668,892845,2010844,2016997,1627831,1761989,1616615,1610668,1159236,580358,110824,881412,945355,876785,981957,310363,1165604,888545,
archive.c:_bfd_unlink_from_archive_parent,8
520164,1025807,861554,279443,1301708,1538433,654081,1188185,
archive.c:_bfd_archive_close_and_cleanup,12
831360,1477897,539386,2042773,637625,246666,1459192,785373,1943601,2030200,404672,1089022,
archures.c:bfd_scan_arch,21
550469,1949921,1570820,734885,988387,1831225,694256,1761776,1825573,1931546,675168,551792,2731,857922,1694666,872949,597661,690595,1351896,877813,440147,
archures.c:bfd_arch_list,22
2071540,1326927,545448,1393161,928754,713489,1833476,930317,346815,1567711,675814,1945483,139550,694738,1443359,1629249,172136,1056760,1914373,1097426,323948,129369,
archures.c:bfd_arch_get_compatible,9
429984,654518,1587518,1996564,193298,1532590,947970,1350211,1265061,
archures.c:bfd_default_compatible,8
1711926,1741333,57629,1024304,207378,868819,1408524,1396435,
archures.c:bfd_default_scan,59
2075603,90968,1052982,1722758,617114,618597,867754,752482,1223704,1154063,1955218,339237,1429468,402193,409708,706731,588277,266022,1081966,32529,465204,1569254,437633,1815487,621248,845520,953614,544759,295662,1026770,648428,1093529,434050,780814,1251179,1117945,1464469,952190,814632,1466289,1542924,1915195,1399414,685316,1309755,303294,1348437,1097737,659222,1201351,594742,1529633,812193,1864163,1055197,965554,1447957,900356,1146399,
archures.c:bfd_arch_default_fill,2
348144,1200608,
archures.c:bfd_default_set_arch_mach,2
220034,2048262,
archures.c:bfd_lookup_arch,44
137228,1099171,423582,1560724,1655973,240734,1902591,559132,1796902,1554590,660157,88627,962840,1659739,1741128,403493,124030,1119784,1099426,403675,859122,2081232,1940341,1435554,453150,143046,1496829,24456,1520909,1545391,1197893,946090,1354397,1869535,552078,1014919,820467,2075761,1542211,206596,210003,1011516,581316,2069350,
archures.c:bfd_printable_arch_mach,2
623016,1169958,
archures.c:bfd_octets_per_byte,2
1369323,1045680,
archures.c:bfd_arch_mach_octets_per_byte,2
2084770,983240,
bfd.c:bfd_set_error,2
601169,858184,
bfd.c:_bfd_abort,3
1631713,1176413,1370484,
bfd.c:bfd_set_input_error,2
1333195,1920679,
bfd.c:bfd_errmsg,9
1803261,243908,648686,158223,1658352,1477576,2048756,2007511,11683,
bfd.c:bfd_perror,4
129162,1929630,1716114,692494,
bfd.c:bfd_get_reloc_upper_bound,2
1282248,1810563,
bfd.c:bfd_canonicalize_reloc,2
1448540,288207,
bfd.c:bfd_set_file_flags,7
1316923,1909573,506751,2091497,707250,1581744,1043495,
bfd.c:bfd_get_arch_size,2
1129138,366143,
bfd.c:bfd_get_sign_extend_vma,14
836381,1970508,974551,1457412,164228,107483,404096,1389329,802400,1687291,1783255,742695,914999,764122,
bfd.c:bfd_get_gp_size,6
861695,908602,1115371,1129800,1937562,680733,
bfd.c:bfd_set_gp_size,6
1298861,457074,115470,1919476,1645331,1714616,
bfd.c:_bfd_get_gp_value,8
1807005,502129,49197,571838,299365,511818,165246,1407508,
bfd.c:_bfd_set_gp_value,8
34527,10295,779306,939195,216620,1812647,173982,1096233,
bfd.c:bfd_get_relocated_section_contents,5
1790271,508689,767462,653210,463816,
bfd.c:bfd_record_phdr,10
384412,709494,634719,1783010,2077411,1112384,1359940,1680973,1093804,408396,
bfd.c:bfd_sprintf_vma,4
1738791,1691248,1940984,1230856,
bfd.c:bfd_fprintf_vma,4
1428386,1662070,226582,1507567,
bfd.c:bfd_alt_mach_code,10
1018435,1506317,1658589,1918148,1850554,1996813,1259772,940093,409573,1051740,
bfd.c:bfd_emul_get_maxpagesize,3
895748,750448,1880116,
bfd.c:bfd_emul_set_maxpagesize,2
2039780,589779,
bfd.c:bfd_elf_set_pagesize,5
870849,546468,509756,801563,1029283,
bfd.c:bfd_emul_get_commonpagesize,6
1832721,1402173,1237002,1896754,779303,1899980,
bfd.c:bfd_emul_set_commonpagesize,2
1036787,1902033,
bfd.c:bfd_demangle,29
868643,829298,1197705,969485,1980161,1852079,1809994,1239539,1713155,443753,789674,402428,1094698,1146877,758533,854084,699268,988446,1286378,1543996,1340021,1853961,2083134,501274,1540908,454990,1188383,1802407,1062674,
bfd.c:bfd_update_compression_header,8
220262,1803891,1351231,660578,205829,103305,1019192,951597,
bfd.c:bfd_check_compression_header,9
399037,1772349,539564,1845340,1449535,1851972,1122501,2006923,541550,
bfd.c:bfd_get_compression_header_size,11
319958,22518,38155,830341,1978173,1584787,528383,1770197,786985,1419686,1207163,
bfd.c:bfd_convert_section_size,13
1471744,1926860,1779477,1839857,1453142,19505,1043200,1704008,199121,1625922,320495,1670582,260734,
bfd.c:bfd_convert_section_contents,16
206149,895588,355337,278143,767274,2021678,184344,572642,756177,261509,1392231,1948062,147388,978155,164945,81233,
bfd.c:error_handler_internal,200
822157,1784406,1247001,1362541,2023017,427102,567583,314058,518435,1686793,1036199,734517,1709108,904405,854410,147995,1962459,756910,1897798,1029432,1309366,1933873,359127,1103558,726348,691078,133751,848982,1041115,1619761,641873,1474941,1603006,1619488,156999,1130165,2008303,1246163,1117666,1147841,945770,1509409,1167362,825229,2014626,2006851,18444,1066527,1519340,927951,1140632,1045552,927851,1322062,447134,1792380,114519,375273,1465877,1393207,1548342,1942699,590395,1091084,1500938,1688922,1980000,1596202,831887,759065,1193864,574773,1658930,493112,53397,313855,1092075,1071373,1071476,1695054,2084342,1019682,1924147,680738,1339845,1937903,1894096,1744940,1365571,386378,2027220,923556,859635,607462,2060235,309222,1492188,1917464,1847637,1978066,1940853,1526887,137190,1096519,1315575,824578,85978,170635,1645911,779573,983461,1559268,320548,1697682,1880630,1161363,1300262,1364976,1765773,843062,1847241,132688,1318622,781681,1081421,379225,552898,346229,1220922,944479,1525355,631580,599788,68767,263748,1252605,482318,1947058,1688618,571170,95690,640618,791737,1522034,933606,919907,378051,1090276,1450892,1246248,2070872,1728478,1786995,159827,112820,2051349,1681393,857098,1581663,291485,651341,779927,665728,2007231,932094,1734108,1558028,1361853,846667,529181,155526,1167997,1078194,115745,209923,980822,1618622,1890656,1533801,206666,859910,1274559,1209058,1568659,2060941,918061,484067,1956234,2014002,27814,382057,988038,672234,90726,485126,477628,141015,1665823,194295,1308647,
bfdio.c:_bfd_real_fopen,4
410601,510854,1654875,1542085,
bfdio.c:bfd_bread,18
1422106,303309,689942,852499,1898478,1660439,1984528,1724746,1725396,1034270,201575,1719498,1599536,1481074,1548166,474218,1369913,1938512,
bfdio.c:bfd_bwrite,13
385982,974051,1791064,525565,2043870,1348798,1125486,1626078,1447470,1939238,1381625,9962,152017,
bfdio.c:bfd_tell,9
1705761,1261707,1484633,143829,1834998,898871,1516182,416570,420552,
bfdio.c:bfd_flush,9
1053744,771967,1197903,1353917,1937214,1315016,1848059,1514009,373595,
bfdio.c:bfd_stat,11
563152,1263023,355166,564409,910331,542025,425884,1280362,1999833,1811905,863490,
bfdio.c:bfd_seek,23
523326,1644047,1004980,1286848,1962395,1895999,53846,1193008,2025363,1599234,1337071,2066006,1125818,901395,1128134,395387,1846240,1925693,1003186,35491,868237,1996695,2085504,
bfdio.c:bfd_get_mtime,5
1540338,1098739,386800,970388,858940,
bfdio.c:bfd_get_size,3
227190,839626,1428069,
bfdio.c:bfd_get_file_size,6
909632,1177295,1931225,1853563,951759,1801055,
bfdio.c:bfd_mmap,9
1546732,1943854,1705971,2032339,1284099,351273,904630,1806224,1933787,
bfdio.c:memory_bread,5
882117,217147,1484441,45589,2017937,
bfdio.c:memory_bwrite,8
1865500,1848651,1414095,207847,543642,1018533,1048610,1873629,
bfdio.c:memory_bseek,14
1948270,1600344,622691,434021,347569,891058,1062162,1390507,436531,48439,740207,776389,399321,1014438,
bfdio.c:memory_bclose,2
1067578,1304019,
compress.c:bfd_get_full_section_contents,43
1104307,1729334,800993,1047478,484439,667817,1597967,2079977,1308084,1162995,1314730,758095,37592,1192018,807470,2050134,739230,495315,227023,1457544,25184,746372,735353,910531,464156,633220,1921592,281527,1523979,939404,242865,48923,477551,425167,2087033,1416036,1910921,1638216,794453,495409,427970,940343,422792,
compress.c:decompress_contents,13
114443,598264,83918,1946233,1823226,677080,1031206,2033953,682026,415346,299694,674686,371256,
compress.c:bfd_cache_section_contents,2
1923732,1355066,
compress.c:bfd_is_section_compressed_with_header,19
436318,98992,426204,1875712,315752,601918,1753028,1659794,1983215,1440400,467759,1511209,438045,147949,1096913,513998,875373,470662,795901,
compress.c:bfd_is_section_compressed,3
1576863,1851009,7333,
compress.c:bfd_init_section_decompress_status,18
1714755,1099562,1911796,1902228,85753,1424848,1101600,788424,978660,1634593,1915413,1058459,257325,1725815,619800,1518067,1303124,1838222,
compress.c:bfd_init_section_compress_status,10
963289,1400171,862432,1572841,203512,2065394,1566536,939054,1610938,1998959,
compress.c:bfd_compress_section_contents,26
438531,1879446,1263619,1295735,1820839,1587359,582952,1736019,1618245,1312265,1475822,906777,786190,232852,1746192,71087,1762282,1145904,1153743,1398340,1381293,1564407,1778925,1312477,317830,1024623,
compress.c:bfd_compress_section,7
1808097,641708,1680080,797111,1009220,1416693,721580,
format.c:bfd_check_format_matches,123
536155,1528795,1562549,532772,919900,138970,976857,114215,1285723,1515592,917876,1480353,2086573,298348,1362168,1893306,1948195,2065687,281064,456133,298457,1913082,1015848,693614,1153322,1640398,1033413,87661,276311,1081822,190532,1439651,105775,1455169,1909494,1587803,409253,1386113,1333879,1629522,94630,364095,99215,53725,837766,2014006,2013525,1069874,667539,408987,242041,590680,1303371,2076397,1959369,930148,684383,1084891,1746000,1159124,177012,1514913,335331,115533,915527,1482752,424158,1808863,1953074,170477,1299723,1772139,297717,670552,1898494,433180,808503,71740,338577,49554,711794,314520,1508587,766331,1814340,1082649,2037433,903866,1517514,184565,1306944,1297212,468687,1162130,1556226,2061368,646839,1306822,304968,1422784,912809,1039069,1165918,1091089,1420202,1905138,1893400,648290,376998,1072199,924953,6942,1315151,1630066,1289765,1642277,1363981,958512,429977,1019028,1228104,383022,1932212,
format.c:bfd_set_format,8
1289287,744581,48132,1300749,1144174,1368838,41717,1632787,
format.c:bfd_format_string,4
666873,171036,1332364,1577835,
opncls.c:_bfd_new_bfd,9
683061,1006790,676775,2002614,1895570,1896159,1809933,1912454,935929,
opncls.c:_bfd_new_bfd_contained_in,4
751214,1845100,1653003,1401845,
opncls.c:_bfd_free_cached_info,2
758791,377529,
opncls.c:bfd_fopen,25
1654583,1502164,215295,433712,226938,1989771,926449,743728,2080753,1062851,220946,663270,1660217,898193,619646,731074,239162,741299,217873,575215,1407142,470756,73234,978191,796989,
opncls.c:_bfd_delete_bfd,4
791651,754691,794734,1422885,
opncls.c:bfd_fdopenr,6
639612,871498,122457,1506773,1565118,2038769,
opncls.c:bfd_openstreamr,6
72306,511015,1585199,1757547,641084,410130,
opncls.c:bfd_openr_iovec,8
1475321,790505,1482577,1865830,61618,1395724,1750837,1047832,
opncls.c:bfd_zalloc,2
432841,1261984,
opncls.c:bfd_openw,6
241057,1048210,260096,195343,1165991,236765,
opncls.c:bfd_close,5
1770294,717063,1143509,1180757,1125918,
opncls.c:bfd_close_all_done,10
1389202,1284675,1998407,1329332,125512,839087,1299494,1882328,2000365,3159,
opncls.c:bfd_create,4
1495327,1167248,832021,600980,
opncls.c:bfd_make_writable,4
1418732,394955,409350,1050666,
opncls.c:bfd_make_readable,7
1299995,1473846,1853236,502078,1314965,453263,1238422,
opncls.c:bfd_alloc,10
1358156,132724,751836,641858,880371,982562,674222,857805,1702519,2007734,
opncls.c:bfd_alloc2,4
1486156,1294994,722244,178337,
opncls.c:bfd_zalloc2,6
1730986,1631930,2053356,1420244,632247,2060856,
opncls.c:bfd_calc_gnu_debuglink_crc32,4
2025541,690793,241028,230347,
opncls.c:bfd_get_debug_link_info_1,16
1609247,925608,1904748,889334,636258,1705349,387278,1262084,907630,1051523,550126,955344,1961495,1081127,1097583,2048918,
opncls.c:bfd_get_alt_debug_link_info,18
1452405,1607931,1000824,1789842,1467785,1907176,541015,101394,1657284,891370,70994,588774,1395699,40708,884225,1005810,869848,1499479,
opncls.c:find_separate_debug_file,63
916702,1410603,493057,45247,195583,385565,1299559,1963126,1026498,1305890,27498,721177,1339072,1151201,146424,1982441,1745699,1350462,419368,1175677,1542350,370667,741026,18159,691389,2092571,573496,1630611,346431,2024337,1238190,1555981,1108367,1028341,107848,45534,1668109,297805,652842,2079508,1640014,2063120,694371,2028928,184088,1533657,1768588,211863,1801778,210386,1347071,1462674,672122,1230012,2076443,572044,1190144,1735665,37440,828166,1526402,1643807,1257158,
opncls.c:separate_debug_file_exists,14
1977641,998723,774260,346796,1166671,1900261,246730,1511900,1401706,1356787,392255,610508,1615756,1485093,
opncls.c:separate_alt_debug_file_exists,4
1237597,920929,1606884,1208962,
opncls.c:bfd_create_gnu_debuglink_section,9
71144,423774,477524,1537347,9284,1543030,1556987,354058,99741,
opncls.c:bfd_fill_in_gnu_debuglink_section,18
1072512,1004325,780756,1105552,1262858,1524186,899277,1930427,735994,1549935,1035054,1128284,873058,1283598,440209,94530,1001684,1973174,
opncls.c:get_build_id_name,12
1243627,1386973,1596860,784001,312186,1722037,928076,1224369,636888,346911,843620,639910,
opncls.c:check_build_id_file,12
916696,699399,1833297,1603668,1556997,1389105,1707497,1455690,693231,970712,158245,1487285,
opncls.c:opncls_bread,2
353431,207928,
opncls.c:opncls_bseek,3
1367553,383730,1582279,
opncls.c:opncls_bclose,2
8325,1658551,
opncls.c:opncls_bstat,2
201044,408331,
opncls.c:get_build_id,37
77949,1666104,2038360,517064,1883490,1009851,1470442,1010668,463182,429057,468167,1930042,1232609,2088486,512686,926651,418341,27123,757786,1271471,1219496,1817747,1547452,174005,1012333,760395,517247,1956992,2084727,1086357,250839,1090896,411459,1028731,1662207,1713369,387220,
section.c:bfd_section_hash_newfunc,6
1586102,1577476,1740020,826722,431199,1030953,
section.c:_bfd_generic_new_section_hook,2
64879,1741907,
section.c:bfd_get_section_by_name,2
1754279,1731213,
section.c:bfd_get_next_section_by_name,15
605361,259298,894973,762536,710881,1438269,644665,1396931,443819,394758,1126120,584321,1966983,142404,1705574,
section.c:bfd_get_linker_section,8
1722188,1697251,1803940,1111463,1050671,1880408,2022176,1310382,
section.c:bfd_get_section_by_name_if,8
715455,1448457,532067,438773,1668425,1345466,1932714,1587294,
section.c:bfd_get_unique_section_name,10
1167672,1442084,1682465,1343785,181588,1027773,1554963,1428567,1995205,1283481,
section.c:bfd_make_section_old_way,22
1257299,1546509,2030859,542250,1748712,1327020,1219786,1693692,1128348,1441084,2067367,1416548,612708,1698445,1527836,940882,509877,1516556,1185063,212853,2091198,1655855,
section.c:bfd_make_section_anyway_with_flags,13
114674,2018932,95569,455806,1734569,1590962,523165,760887,2077030,641833,2092008,933339,22891,
section.c:bfd_make_section_with_flags,18
2016542,588914,1230770,730489,1946610,418262,891842,80466,305805,1577908,557482,671309,2047542,1260553,1846085,2029923,1300382,1243569,
section.c:bfd_map_over_sections,6
1225274,1586551,702964,1379997,2060493,1980458,
section.c:bfd_sections_find_if,6
2064095,1335838,921850,1723741,576161,1755970,
section.c:bfd_set_section_size,2
73434,2090569,
section.c:bfd_set_section_contents,14
113275,1807818,1113892,316129,1204879,1314510,1059438,1437367,561880,1550807,586049,258818,2064538,1487304,
section.c:bfd_get_section_contents,18
1606378,1414637,620556,961050,325369,1454153,876154,601317,1869329,864822,617587,1817787,1495873,268695,1994242,1504079,1139569,1125970,
simple.c:bfd_simple_get_relocated_section_contents,23
120809,339916,1168684,786364,659549,1713877,282331,1966799,1846850,1736664,148684,993194,194832,633902,1799774,464566,1239231,978615,1361748,1255805,821980,737209,1078334,
simple.c:simple_save_output_info,3
274926,1524828,894113,
simple.c:simple_restore_output_info,2
1077531,1575608,
stab-syms.c:bfd_get_stab_name,1
504992,
syms.c:bfd_is_local_label,4
266649,1083369,722812,1936402,
syms.c:bfd_set_symtab,4
1504207,1380844,1115708,1722624,
syms.c:bfd_print_symbol_vandf,19
1081690,840577,696742,690010,1509264,2055151,703072,816086,1261214,2003533,478018,1134771,630820,1488227,826657,137503,348637,1537361,947445,
syms.c:_bfd_generic_make_empty_symbol,2
1622332,1028173,
syms.c:bfd_decode_symclass,51
783446,395103,603816,1401836,1543192,255829,1764928,999274,536026,172551,1637126,1651609,1566568,1207556,861459,574928,1869823,1147286,529196,886685,234672,556047,2029164,1058453,1284100,1141567,1752193,1901411,1197926,216206,1150392,1607138,1761165,1299551,1109242,168446,1231599,1246364,182663,1631649,1438669,193687,1372088,218169,1009761,435095,1225510,986065,602354,1082733,277549,
syms.c:bfd_is_undefined_symclass,3
958359,1975674,575607,
syms.c:bfd_symbol_info,6
315236,1527949,786168,750465,1719582,533966,
syms.c:_bfd_generic_read_minisymbols,17
1403009,695193,914143,1420891,1869723,1130941,1657652,1559269,99720,1597360,147829,71711,652642,995102,1790810,907264,400978,
syms.c:_bfd_stab_section_find_nearest_line,188
1628035,1186563,734466,1358246,1009256,1857557,357769,509098,275082,886135,1590926,1168969,1813849,2017945,1959295,129266,1636893,344800,177813,42464,524641,1658442,1760146,740388,727317,284870,1068148,709967,219315,1408807,952533,1571636,756752,766482,1522331,24482,611815,832231,1753313,212887,1101991,604569,1951597,857834,1945298,155219,1707563,1292953,1546140,1301728,771230,921140,911983,1657856,1228839,951623,271348,306667,773577,199555,1333990,1422402,2081630,1311565,580488,404786,1842352,637612,982146,1225328,2069059,347512,1635991,369050,1818680,934140,923379,1999921,877595,341325,1730476,712649,2072038,35708,1548578,1070865,1340835,1763742,2072557,1192092,604245,752453,288471,338330,1869556,526997,1425767,881406,492757,260533,80999,1464669,652624,204357,1166899,324964,1425530,1201617,1732639,782916,122451,910772,452408,851719,612141,889349,346498,17822,1388126,1627153,1618629,131866,932382,563857,776278,2072912,559534,349795,581559,1957108,216614,1886840,1006172,1562236,29691,755019,947202,498176,123216,350301,311654,1798224,1212594,1883131,1252382,890702,395241,2032110,487902,1698559,492279,68761,1243312,1221913,1628970,168872,1898275,714661,2017964,710720,146576,545040,184661,1943231,1977192,1190156,1901066,1811800,1825855,316603,411623,1201146,355420,1226464,319296,1449427,1441455,1007690,377313,201528,301257,629672,553450,1152397,1280881,1639828,1954476,1905251,
syms.c:cmpindexentry,4
562478,488977,874596,1347646,
bucomm.c:bfd_nonfatal,2
983115,41102,
bucomm.c:bfd_nonfatal_message,11
96227,159150,1411455,996462,1358603,191860,2001474,515796,873764,1830931,1184396,
bucomm.c:bfd_get_archive_filename,10
1720460,1375202,2012858,803190,1753812,1150201,914176,50130,951890,157494,
bucomm.c:set_default_bfd_target,2
1484892,69915,
bucomm.c:list_matching_formats,4
875488,262077,1248907,640393,
bucomm.c:list_supported_targets,7
1176159,838518,179608,1048674,443974,1749231,566229,
bucomm.c:list_supported_architectures,7
1171637,1110942,564718,1390947,402219,1578313,778550,
bucomm.c:display_info,44
13619,1602283,1337387,184491,1985358,1353264,1334890,1690331,707552,1322086,2093948,220025,424286,1557027,1286541,635516,1657369,392786,484297,317449,1810444,704684,578905,852149,1062680,1007800,1963888,350067,1850069,196469,48368,242467,972633,506190,1212532,1829434,397201,1974006,734830,165411,806086,759834,303884,963844,
bucomm.c:print_arelt_descr,15
919844,1096261,1992299,576798,1973982,227559,1906628,2015186,396808,1182783,523891,831997,424254,2002800,604582,
bucomm.c:make_tempname,5
784940,2029807,395487,1122778,695583,
bucomm.c:make_tempdir,3
2055273,2088971,882983,
bucomm.c:parse_vma,2
2071426,1801894,
bucomm.c:get_file_size,13
314279,408100,1558611,640956,1560492,236601,672813,32330,2094210,2040585,57565,1615783,1766304,
bucomm.c:is_valid_archive_path,33
2056389,1681407,800484,1989765,1044810,2040938,818332,834153,1752559,1224189,478114,842846,1913889,323102,949795,1834136,1732832,573012,1316925,1644748,1916850,1950350,995661,1692964,97166,338806,2041249,996828,2082064,1193356,1312184,1843741,251579,
bucomm.c:do_display_target,18
1384029,785227,1833087,423008,1242955,276486,2069738,1658769,948933,1493045,1363701,1168540,315514,1390245,1331438,381704,1113176,1549941,
dwarf.c:read_leb128,14
278544,1720854,56813,189937,58786,1900759,348105,464916,1644997,1750605,1264596,2058272,1702121,1181733,
dwarf.c:init_dwarf_regnames,6
1054823,1938065,1574792,1002693,1406706,1745444,
dwarf.c:find_cu_tu_set,17
1064494,800106,112935,416607,1470362,497427,799369,1450252,2036179,2079618,1533591,230066,1385146,545684,328239,63041,1743027,
dwarf.c:load_cu_tu_indexes,10
708181,31019,1516744,1194849,42036,375566,301405,2027121,1308444,107250,
dwarf.c:cmalloc,2
377639,674118,
dwarf.c:xcmalloc,2
89945,1117300,
dwarf.c:xcrealloc,2
297939,1016135,
dwarf.c:xcalloc2,2
521987,33756,
dwarf.c:load_separate_debug_file,31
451383,1955750,1125672,1985707,548758,1710948,1282085,1298560,1213442,485897,877884,1456375,269221,84791,1422512,732787,1347153,270163,825550,1802750,2074395,1134358,1137592,821902,211293,1557271,813844,167849,1291852,1874274,371189,
dwarf.c:process_debug_info,279
393955,1101295,2094016,822837,1204001,1119009,2059409,576974,413332,2091958,1877445,789945,1891717,200784,601857,81597,193163,1659931,1012586,1989642,1185697,360643,1170948,1932114,1725885,1457732,638419,1454321,135171,4672,129926,1732842,1269162,513117,1681238,304033,1417106,1917737,1602294,2075184,1582468,640053,1586290,556720,1652328,361339,647661,8193,1292650,4269,926918,1646519,972978,737775,1122652,1709147,54420,731704,249272,1265020,1849816,1586703,1623388,219997,19055,1695623,532568,1192845,614944,1983667,549276,248413,1847712,147255,171389,1901432,941483,324378,888728,1286606,768642,1853756,32917,709606,782919,288305,94632,1935892,1516835,1942176,1398270,1612277,1040289,710321,383880,739649,784853,356581,1445703,1465631,1662309,1463666,193503,1602134,1288401,1301411,1096463,832121,656041,1968618,1442217,95291,1107368,947689,1518060,587390,2070106,743007,1256310,1876796,1695147,1037079,1897593,734059,1314490,1496403,1216640,789474,2043567,682777,2053333,450541,1224072,95592,1441537,830790,956293,1733992,1639917,1213216,976425,1516810,107009,322770,1946297,1517901,178563,1831613,1064839,1785865,1802442,1448757,290220,1418317,1456497,690240,1146848,431683,319032,1307283,1760001,2070655,599322,1244047,1635169,2073386,1452264,2002043,413437,1575470,1857590,108552,278458,63993,1294689,765667,2156,798951,447134,168488,878608,1325611,1569713,1976205,456560,1755932,1623083,1124285,307568,401879,462402,462644,1906716,1066037,1207443,241849,1379247,222619,700812,737807,1556197,1374370,163920,886517,1589782,2073745,358790,419591,1700834,425052,623001,800024,137210,756905,1124316,1995394,1891299,1665489,1674117,429555,1743250,1121780,845387,173242,929848,1260194,1265196,1457946,985709,143277,1612411,596235,1314132,1364626,619427,2057845,103179,270414,526693,1397635,1041951,912240,523743,1612402,390734,1522326,1797198,1312552,185983,1905276,277057,1070936,851291,1328802,1785008,737374,1189962,939803,1922649,1126005,113580,122224,572590,827805,2014804,1563983,404747,574945,1879119,536871,435880,199630,826708,1242395,1594486,868436,822428,1521693,328285,
dwarf.c:display_data,13
56439,888276,440646,61039,451910,822186,1409981,165875,786756,651893,1644788,203248,1857294,
dwarf.c:load_separate_debug_info,32
1406732,323543,1534181,1980955,2000405,1618330,1340041,1904450,961870,1323142,729739,23176,2041898,1530859,2084036,1173671,475684,1031482,1877196,238020,1239736,1744742,1829438,547701,672168,1821901,1883591,686387,1415889,1976332,1411096,699238,
dwarf.c:parse_gnu_debugaltlink,6
452913,1799495,548854,2013407,1796713,174064,
dwarf.c:check_gnu_debugaltlink,2
1115887,126004,
dwarf.c:parse_gnu_debuglink,2
495457,1092811,
dwarf.c:check_gnu_debuglink,14
1695831,13082,1899293,320190,945113,1002867,652996,1630983,645573,893289,1111085,1874133,1789119,1917875,
dwarf.c:free_debug_memory,16
1850891,469321,595581,366986,374665,1610960,1706604,620652,1221885,1464300,1701722,115440,1327791,845475,1892559,1207182,
dwarf.c:free_abbrevs,8
1579733,998716,61754,475885,2052879,1756197,506369,1924781,
dwarf.c:dwarf_select_sections_by_names,19
434181,1498561,1552366,754407,1506423,1802763,168929,850977,492145,1826825,1118245,990319,195252,639152,929062,332723,1758710,1401995,1348134,
dwarf.c:dwarf_select_sections_by_letters,27
1996930,1659132,2059236,518184,1479573,565604,1564229,1414805,660669,1106762,214526,1766603,1301916,281382,544935,666009,289769,50103,2056051,1064916,1578617,550567,1217217,1503091,1478277,1080556,451374,
dwarf.c:display_debug_abbrev,18
142900,81018,262897,2053798,1070666,1156895,498270,1689057,457115,1096554,119065,875902,2094505,37706,1949830,1827918,145218,419861,
dwarf.c:display_debug_aranges,93
437737,1337021,622924,532021,1512559,587228,1294449,880205,1900401,938519,2013135,878512,1465305,1861393,421062,2018638,560610,270051,1655271,207576,925999,943202,381434,1536811,1482363,2082438,1354403,1167009,1473077,235927,1115352,655787,1415920,762345,1727910,2044719,1764726,680055,617024,233692,497893,1400583,1082777,477701,1401690,255689,871042,2095853,1837314,1163850,1730969,2024831,2002186,1447552,727448,524295,1900223,980486,298166,1344550,74663,22594,414564,1135516,782343,1622800,1313632,1814703,61061,1740725,749197,2013851,2092746,1438117,258220,1993616,188603,1278589,2037507,757895,519167,1138858,1834022,954314,2021513,586440,765756,1225827,1400324,1055111,1252307,1991428,870634,
dwarf.c:display_debug_frames,542
2044079,1489818,1533687,988365,1744633,1431803,523166,1199682,2029723,1612746,629637,1725190,477311,539171,224104,1544452,123643,875853,848951,135572,492301,1098227,826388,27922,69044,1917357,459434,286277,328588,1308332,138103,723724,1692750,1919077,1366644,940982,1524873,777261,142816,1013068,348699,910542,281516,1744879,2022268,1162798,1711692,324966,1388948,1751841,104389,420235,537729,1883372,2002680,892406,1632562,1062361,902615,427032,1666149,890951,1379200,490828,1362809,1329438,741189,999309,850017,1959464,1584819,1009773,460514,937156,685071,93709,856866,1534758,103426,809912,73952,836282,1791871,2094059,523969,1300282,613937,1131866,187885,340429,1336059,1127025,1418799,234688,493066,891309,1086798,1382159,1466031,1326254,1238286,2001637,742287,829523,1008221,1803129,1604090,342902,1397634,350812,1622191,360566,872561,1393355,1024640,134288,1151841,2017997,1075124,727148,1920320,233322,1266129,255845,1153815,360160,1848778,1290691,366300,865627,1209351,1556714,1038689,61016,130776,2856,1221291,1381203,812403,956879,146553,547920,2037766,522367,328354,1697854,290759,1801746,537823,1346110,553775,622544,1585145,68182,1543644,169462,244949,1588377,458841,492477,1401588,227749,1250595,924643,1795105,359866,1522568,2026795,889006,1310957,1022888,2025695,100649,1453401,1530514,1346686,2039058,430145,1506778,883768,1528390,1456461,128893,1964368,1383930,1353397,561441,1577504,701710,1221582,782479,970022,2045552,1916887,657803,562758,1947138,1042849,1308172,996779,2088239,904617,1534966,1214620,1318722,274596,810166,728435,547633,116593,1251673,1294478,601419,1080540,1150241,407389,233192,1693857,1696975,1907682,1150375,922595,1329744,621956,102048,985662,1417901,358229,423164,1831759,1418937,617581,1454003,1323136,1025612,1972372,1218793,2039378,351693,231611,1302732,1807462,1400261,545649,1507309,1299678,422252,384072,34395,832930,743722,1138843,1505965,316749,1645252,214247,1765633,1474313,2090249,795016,203066,232349,1914802,404422,226477,912053,1945502,835563,1034814,1114821,1700672,1433746,1253625,340744,733717,649978,1133302,1562101,1498749,802998,1106723,598274,1668796,212236,488998,1189372,558973,1461672,1336873,962170,841024,910221,397323,828128,244542,1524147,1249026,209187,1459107,1427128,1748481,2040625,1045314,2022901,1110410,258473,402915,1828609,1543864,599159,93560,1042520,51424,66104,1673130,1361485,2012580,1534762,612952,1245777,251279,1577644,575792,1454433,1868687,1810911,2079747,1207681,2007986,1544551,669865,811272,16691,1546035,1709393,255853,101758,517715,1045447,700055,1928589,682078,1170093,1945204,1066393,567739,104336,224400,1627893,750670,367944,1103655,742868,1147253,1496367,508147,163970,1141837,982833,317838,285341,1688334,167437,510704,1586018,938314,170745,326514,1566188,604778,1223924,196055,205998,624806,230631,1140907,1828222,905650,547671,1693839,580577,1990501,479818,1664936,1693630,914257,1285487,111145,351054,583166,1678595,1097657,359010,1308174,1322510,943219,1439862,557257,1056431,1868535,297604,1473312,1795953,977426,223256,631540,1187513,1214366,1635353,356052,1330249,666646,38688,495487,1348946,1748030,952511,1132490,611496,701168,1573356,639452,964754,113088,182054,1363667,1768413,88110,1157066,805069,850468,2055410,1580138,357140,1103513,929234,293864,1243435,1325353,1761575,1825665,922559,961252,1206875,1594268,430026,370740,53412,1479034,2045360,1468860,1065113,348978,924191,1567921,1084587,1616705,696208,920665,501972,1817876,765365,1320283,2042343,1229329,1187561,770843,266610,366919,697000,1779416,1134122,1691583,1779774,1636262,932877,1116593,1448451,419868,1041890,1287043,153083,287821,1080555,1610494,492429,1461991,494575,1359730,1571518,361792,158675,8334,1818110,903617,2077399,895147,54242,553023,1837709,815201,1359124,1859539,1236463,2030898,2020958,1118073,1773924,1689607,1554609,160578,589581,1668187,141541,1778621,190424,115086,676711,1306097,999590,526851,1535381,1005877,674179,609883,1094406,1666493,1826186,230659,1361586,1849827,408799,1004408,1842386,901532,1453196,1668221,976156,6427,1175279,1781972,1386772,
dwarf.c:display_debug_lines,9
1856521,491689,986382,1999309,1308135,606818,1396467,428744,1096877,
dwarf.c:display_debug_macinfo,10
1629232,676213,1244892,61420,1298951,495553,1097554,1704377,244951,1345368,
dwarf.c:display_debug_macro,247
1332665,458065,771742,194384,2055381,985274,1959207,2095697,246976,1429968,1903359,37346,83292,395853,238179,475351,200420,1413177,690798,75496,801671,139336,625106,1770674,197847,320857,931860,907816,2774,1343395,947739,1811799,655011,23170,638233,1994836,1159437,6479,174902,559473,783492,376804,1238533,633352,491137,1482261,1698341,489884,227580,1602010,611720,208566,1536715,1458548,1992199,2084367,801199,296739,1648639,1183888,809686,1481501,1765906,667076,387287,762148,1671630,673013,1185760,725659,2052431,1759346,1076893,699059,889024,671004,354792,12434,2026738,2017033,851445,1315881,1652744,1537117,2023303,1822160,878498,637909,1443288,486619,1122763,1933871,1212977,1501102,528664,1459437,5860,1806033,569908,302806,1411622,377490,1512169,51207,255215,1093467,1695449,758381,779340,1953838,1583314,590961,1994289,1150628,1545840,963104,1481248,1053278,258841,1754572,1642311,1892034,1681073,2051883,715595,1671265,1127540,1790933,464917,1491722,200691,773916,1698269,481053,834528,374015,889360,1620297,722162,836543,1386446,1639515,575732,1441512,80553,954255,1193757,1963184,1458215,654834,485559,575279,1197747,1848201,1673453,1260515,998250,1379581,39023,517479,1560024,400821,1102755,1451504,613938,659409,1038036,377265,1333113,2058541,715907,1872161,2024782,1190987,1878532,86230,1083050,1998034,753904,552471,1361573,370188,349417,441088,875767,494793,1624381,1208680,1424394,1518665,2010983,450027,2091946,1085534,1703295,19389,752733,1270173,1137030,687530,16587,1507320,1452126,1095829,921365,1985143,25086,1832077,688927,768579,361312,1262787,1177545,119044,49918,133068,1988898,1707475,162086,26089,1223494,1918647,252098,1268461,376879,1236095,727856,1852236,837539,25672,680703,953963,1799129,1916322,1270438,947514,1856491,1645361,325429,952462,756558,1440499,493136,1292663,1069713,120980,1477076,
dwarf.c:display_debug_str,22
225714,1639230,1043117,1987295,1209298,662489,1758071,1574178,1690227,704786,1717999,132006,431445,134694,854984,1627370,693671,1125582,1981965,1630268,665207,1851619,
dwarf.c:display_debug_loc,363
1183523,939507,1562229,1810173,745064,2096587,1046747,1728935,1745899,885277,331450,2079207,929432,1310375,1807928,1920765,296335,1670898,310261,944489,1228946,134683,1078053,2080272,1025620,1069218,782104,1573333,566444,1209023,1851398,1171520,1795756,1909146,32033,1064191,1700407,1439521,965341,1408108,193887,1250879,1431448,590376,1513617,177961,734884,1318445,2094747,442354,1886922,1290607,608268,74333,2055618,1467418,1862615,1128344,1348206,1097652,1420968,2032534,527942,492188,287114,555165,343937,1567061,381597,428663,1026683,492416,420075,1989058,1242329,435800,168019,624845,1625010,1221498,2051576,1989009,1525284,1250567,1003161,149792,1478159,724839,165816,1569363,1606304,1974290,279194,373133,1619017,1719176,1274143,1871803,972800,512004,607296,1908653,1304004,1886538,1153087,780814,1266761,339411,1159936,1353007,210025,158091,488913,89292,957960,1340522,1263093,1553559,1688364,1939766,604543,1406539,1281382,1320107,361343,1025968,1550993,2055537,1116801,1404467,648973,1542865,1799861,284860,245066,38221,750903,623761,1093558,279300,422678,2026270,392175,1916426,2032332,1486585,1871579,399068,1931570,868209,811403,929093,254038,1497440,1399570,705347,984856,1698768,521969,788855,644631,1041303,1110586,1993346,27148,1024489,1670834,303706,1409285,1175318,1480734,436800,417978,1745469,1556458,1397097,615460,522996,1781620,573898,1183594,550168,1454818,584998,557868,1478654,1543829,309888,1953870,804603,395377,1517114,445796,639731,362148,1939034,714865,205868,1245925,839482,454030,1745244,39287,1862514,2013338,1309182,674513,1322401,672102,1250575,1078610,482842,1484507,1866007,1479576,339922,829323,1834313,2043146,764616,72489,173744,705791,1867312,1361125,314993,16040,38908,1486545,36676,416101,705423,364612,16883,2042259,172787,758146,764599,1842676,744680,1555495,1449234,1857508,974931,1295905,18718,1388206,860279,1166725,2063426,1658662,1129429,485593,1783594,331635,1337767,1490795,1361514,80839,400900,1250901,991600,1143759,197623,631890,1325165,302958,513056,154318,1019669,630621,275932,950134,1275416,1876739,310566,2095935,1572445,1056894,1355875,1933965,1882184,941330,928323,497587,1581602,111124,1152474,1397828,2092232,2007055,110752,1607813,1051230,1356113,159187,893842,1332698,242307,833669,14709,1868104,78501,1187092,1254164,556592,1487818,1072755,253390,1566034,336786,705278,1669440,968649,104693,554491,23285,245236,1248869,1578115,517348,1569949,704900,906494,572385,470643,3446,42648,1116746,1487482,716463,1340842,270264,841534,921254,1925015,360053,1346616,1943365,2023244,531335,1327770,1572657,110515,284564,1813690,1542819,1740776,546306,1235065,807656,809010,363589,135511,214433,628400,458339,1280549,1229438,526095,891911,417878,1300014,
dwarf.c:display_debug_ranges,97
53510,546662,1216729,254352,424876,2084214,827743,621990,947264,1315163,1014173,1521727,1961451,1782902,654064,343681,734932,1996151,147509,1880249,771293,1132772,2068807,958028,737940,1049582,623488,1195230,790643,769966,1866744,55130,2003990,359034,107481,626733,2009443,380658,1417116,802866,1514726,1810019,229453,528851,1789078,367652,315312,2063195,376912,276497,467209,1363167,565584,263447,985360,2040605,821610,443998,564418,2071160,174514,1815014,764442,711976,8984,1625747,1891704,855694,538436,245684,88302,1926731,1942610,1960976,1246426,666220,179492,1910766,67989,2085289,1514064,553166,408495,1668752,430849,373575,6422,1429064,476732,261757,1130720,1046947,1312061,156995,1386152,1457023,1759016,
dwarf.c:display_gdb_index,84
14528,1321898,1017290,1500565,174747,1594021,1358868,799548,1696760,451452,1143329,1507118,1046411,1445456,1599183,319319,1177680,1199840,1296813,1488685,13088,978220,959155,895431,1610886,1205320,1013244,1957388,1411404,368785,315861,429995,232170,1591361,135936,903391,1968448,1520981,1562229,1389215,1666143,1733026,1112669,544738,801803,1340357,1601628,514054,1303035,1265629,991157,1587996,1953480,1692905,1331086,397368,1482352,1482313,1626505,924791,843423,1448821,1938349,84545,1971139,486052,1422042,1727598,988722,599776,211167,1122733,1030388,94237,437794,890898,1187025,1629116,108290,75304,966683,847422,538253,1569944,
dwarf.c:display_debug_names,235
1801219,1749631,1069714,1608754,1283107,562691,624867,904966,1696156,742964,53439,1786724,1379624,1311695,1014862,1347700,857057,634164,1775392,1929721,1848757,585096,1848850,91213,1926992,1155149,1652445,903401,1381716,755643,902432,1018356,1006371,1589108,1798286,1645958,1816938,1926364,1623964,919338,754603,1337083,822058,1244814,261277,406049,2006650,826047,979774,1600481,1739681,133648,1283190,930951,1980438,166655,1827625,947785,1647071,659154,2095906,974905,392457,824121,21804,2053141,1476738,1123800,52498,1472778,1807888,573673,1046020,2090893,1616906,407135,1718099,1523912,1085841,1385636,578332,771978,1431263,620694,1853377,1419545,1635754,1005323,1417524,1180561,1651960,455787,872585,1286312,133430,968919,1916422,669681,1539523,637142,1286696,762709,1952753,1409921,669946,113252,2081027,1497662,451588,717734,1261618,1296780,1330398,234269,1159685,2068517,830946,1174528,404956,1959673,980629,1299656,544813,1820965,1386988,1581419,31049,1632343,650357,37065,640872,62120,742505,61214,1723946,125211,1996661,1571928,27882,1440724,1737288,1966326,1706039,1032633,1270978,2069287,1078128,1286518,1270904,870943,1271468,1505122,323871,1615299,178487,1766624,1883863,1586961,1040164,1751995,1592140,28689,1758386,296598,565788,1829837,66545,911081,120553,742169,1388100,117663,2047440,570409,129914,1204443,1949384,198019,451188,445605,1662159,757080,1416097,21968,237,1835690,1175780,465996,1560826,19369,1261659,1315643,359792,627357,2008279,1827956,1251252,1204839,58893,9695,1990946,1447468,1701587,98490,852719,758849,1341671,1131117,1491002,415292,734285,878265,633981,458583,1212760,752006,216512,78976,2015787,986208,295326,788580,1722398,1241310,1581020,421226,1802699,106538,1285444,1032404,1033400,1507607,1886732,1070859,1764050,
dwarf.c:display_debug_str_offsets,2
479570,1704972,
dwarf.c:display_debug_addr,20
1599223,1090696,349315,302831,792717,2070033,347908,1464377,1659377,1067570,1650537,559264,565366,584159,188387,215936,1522198,433839,1881197,544903,
dwarf.c:display_debug_links,11
745050,1476018,1776109,376118,1243869,311015,203686,1421499,1096441,1813990,100487,
dwarf.c:load_debug_section_with_follow,9
975287,1239406,1397047,48646,1600214,362582,1886654,1822324,1379873,
dwarf.c:process_cu_tu_index,273
1609308,1766297,464015,484895,999151,748134,134507,625172,1035396,300213,1867017,1877738,782356,173986,1832860,1476570,1147596,1060859,139208,1074916,1747488,140846,1449320,1158757,691085,1471607,1262246,593397,822282,454979,224090,1903007,980113,886146,315316,160528,1686961,1847648,1067392,1426693,271072,122275,2053342,1480769,1483055,1336462,1770146,981680,2009031,1772428,1731737,192848,137179,263523,852598,865897,394213,559837,1703845,1128875,1879203,699742,1510503,108152,1452097,1649578,1716385,311076,1785771,960983,167664,1664888,717901,912280,71028,1414342,312188,1405277,1698356,1147922,1296858,42832,445623,672503,928508,675460,1363215,1658049,370770,308558,417180,294878,1739834,454908,1116434,297187,206026,1232232,693928,785893,1441070,621456,1704550,691098,655530,419966,625406,1802078,317849,1609126,1762664,1750423,149181,523189,693087,368393,673283,744139,1172202,258849,337743,803290,1393661,1231237,668051,1048641,552372,205102,1587416,1544662,2037373,220356,805752,894186,302582,1708534,1831852,1603474,922889,742719,1480770,1924503,396120,637544,760745,69735,1998110,1314472,1254588,587513,1264542,100343,613568,30451,344224,1030245,467378,1760984,890050,749883,386431,254611,1109711,994099,1680589,1824317,1780508,1847222,1531325,1833381,553692,1603391,1624070,1884570,1568600,2067765,1356920,145268,1794307,636626,623828,128572,191299,604108,1756317,1501021,1106811,1233928,177332,1050698,1558648,1603811,1246535,1187896,791294,224283,91162,1722306,231498,2005086,569599,103521,319064,212988,261644,145176,187846,541556,1400914,280920,1456823,1510179,858058,1830446,1364596,980220,1050184,1513454,324039,1865644,892976,308823,1662655,418052,482680,1061473,1204175,1390336,1609834,1054638,764859,714321,1021448,1087139,1857065,1931170,769299,1733712,993221,1301219,753584,1318252,740041,1922841,1735066,1130001,818034,120664,1974946,1087818,2063434,290597,1064678,1070383,2078922,1436648,539991,595962,1269184,1532755,1301979,1309872,312774,1862344,541188,1925428,1774848,1243052,46031,703122,490734,763157,700367,
dwarf.c:introduce,8
213605,1780771,779498,214812,1008459,1422756,718155,1626663,
dwarf.c:process_abbrev_section,36
374263,665305,2046733,1833600,739138,695322,1257908,764263,1268088,1120722,1433480,2039806,1863121,1118439,1232202,1030556,1952309,1126630,310046,457442,1090260,454328,451301,1722530,1666473,1669825,2081634,1347588,880737,234577,1016826,1622253,863843,676723,1514809,125921,
dwarf.c:get_TAG_name,5
189778,758934,1798840,263317,1130412,
dwarf.c:dwarf_vmatoa_1,7
273810,1448469,865347,1990275,247842,267905,1781933,
dwarf.c:get_AT_name,6
424675,208485,1495670,350250,914656,229375,
dwarf.c:read_and_display_attr_value,495
1493497,1984506,328683,1641653,1782564,2009207,1509772,488484,2029993,812274,534770,199848,1355166,1618736,1659284,789016,243653,1582387,837535,252337,1536736,101482,324290,629882,763233,614647,365763,1231292,1364595,1893601,503836,1982356,1261835,1319826,497328,525166,1736556,886269,1216616,220826,861155,1180700,1649970,850697,1067717,1844140,1232611,221891,1099784,399513,1016728,1534026,1551329,619828,1839295,553490,1676128,1830217,2049031,49207,1230908,493997,1525540,763662,160453,28133,2087855,1833315,1885303,115673,1196645,133592,306202,2004568,450420,1277677,1849971,2047696,390411,1806532,1877382,1728046,1299673,1312966,1820200,618118,651,1695316,618368,564934,1559356,652966,1517133,493383,1317717,361257,2037429,868880,1456361,230622,1513334,1951,1600450,1820838,1202848,1190456,34079,1977228,349780,1361605,576223,668292,1715013,1756450,1621867,156480,738660,454882,1855699,363626,467188,1626447,1300352,2052480,1879984,1220478,942643,875556,1328791,1634727,424775,1891556,1949638,1405394,427855,572428,1225950,1396311,1608248,2079283,571420,1750135,994227,2074568,1063394,1079374,1306198,554452,1123065,769718,1631715,348813,1443870,1189664,999612,248894,277252,987944,430417,1497347,480351,884828,1353347,848081,1301976,1930182,862794,1597053,1926967,1164479,1861361,303308,1315251,1312942,159460,1142328,1192706,329208,1369286,828162,697937,1410649,843035,1770243,1600117,1502278,153792,1405788,999686,1117560,1334715,1798957,92742,879171,1208303,2036138,271374,1369819,163034,1787260,1880481,1030326,900821,1406164,960541,962502,589310,628374,695321,46928,1117726,1712712,1335549,406358,2028290,1164583,1288853,1748740,436720,1993031,1484325,1595365,1522689,658535,1634132,2024483,691377,2043807,528271,1428359,449480,173876,593548,1830856,883217,330377,487965,246874,2052330,34361,1610873,146865,1601737,134873,446534,492266,2059023,537196,491607,1585687,1997636,1645214,1744654,301951,700346,1191991,298006,419165,1432377,1932599,20119,677774,993856,537409,1485871,763135,1942008,1774804,106134,1192191,315916,1020547,1625887,416513,1993751,742872,579674,1995861,538465,961841,462063,1313539,2036174,1896431,970795,851636,1278501,1900634,1214743,1768348,471956,1028062,1834716,528009,1362890,203214,1117675,34722,410793,1101853,825471,571147,1728520,814056,594625,1957455,899322,21060,1815136,912915,2038921,808677,535731,18990,677400,230960,977181,1509692,1176737,1454661,711849,740791,106177,150905,1310922,905037,82798,214983,459961,1565053,1354817,543080,500969,843395,182217,1351916,1515869,408086,757407,1446209,1622812,1223868,1967808,226988,1672825,1467978,1490903,1165336,1966679,1572426,112485,945810,822746,1153249,1912888,1551331,756400,1047007,19747,957673,968886,525911,242406,257358,1602828,163677,559823,1246515,366232,865570,804919,1620516,997797,91224,1844368,612965,1377397,1078739,732973,1731736,1068730,1953962,907749,913970,1405938,1455949,2138,1675026,1549685,2017479,717996,2013003,1672170,1618045,233536,546640,1050891,833667,1506775,1135469,1430026,929268,1473580,334947,176240,125863,788567,892479,1036305,671576,1666002,474956,1621666,481230,959109,1846852,13814,1724147,1186110,316356,217217,159435,483933,1369370,1465287,692929,1162011,1653879,379357,1717815,1654658,1630450,49331,1058715,1219388,500640,1817290,345238,1711990,1724310,1658402,17110,1487973,1409787,1708948,1108645,400814,837774,1899390,1685587,1174408,361080,749150,1098618,323774,1444113,1045864,608286,1035062,206863,951371,1913312,1957453,1802331,453272,684165,1479841,425075,1751563,495828,152317,1960362,1304013,1634866,392417,888781,1060087,598822,1358876,582927,1694767,1342676,215186,1209295,1194292,1944935,1547913,447639,182489,996698,1827084,1918694,493269,1710407,724365,
dwarf.c:get_FORM_name,4
1567141,1463274,1399436,483265,
dwarf.c:display_block,9
1548058,119551,927015,1106834,325087,1360009,1864229,1110112,1879960,
dwarf.c:fetch_indirect_string,6
8984,1358374,1689397,1055330,1641029,636828,
dwarf.c:fetch_indirect_line_string,6
869194,1704699,1483575,559058,1909218,1782580,
dwarf.c:fetch_indexed_string,18
108778,164864,1138276,725120,1440887,1880610,814706,2088651,1196402,385725,716061,957191,527836,595741,303243,1511977,1830826,1630912,
dwarf.c:decode_location_expression,343
1624513,2019211,245224,2001380,544305,1418514,524055,1709153,1797512,1342601,2085441,568098,122360,703554,1659764,727985,496195,58221,355562,1801350,1955329,543424,829799,1622348,724617,758356,708988,1004439,1309378,687382,1945307,2059116,2065413,1085770,2079787,1223691,1912680,223044,1922540,1175488,616038,1262912,1163147,59222,1878192,1247365,64821,2070698,1229515,356905,1849285,1052963,1250560,212990,1024249,1625954,1225170,868162,961913,666540,1673989,372149,1026082,1771892,1405012,1370597,1612243,724808,1602416,1841600,229124,72649,64965,1745460,1868195,1769832,131601,1086691,390525,1316130,793078,855531,915983,1073820,420985,950761,91520,7252,1964221,1183364,2067561,1083146,900874,1259694,834117,989785,1068247,1935364,1328504,308327,1730302,302447,185347,1978307,2062411,1787681,1920565,37679,846361,2015687,1776046,1210522,656484,634220,1960767,1637326,104484,1318587,152320,342247,167111,53248,806452,714811,1388300,1236140,1541666,1814336,1398244,2085987,1293952,758625,1468782,1688267,1179804,1738682,2063291,1337439,1882857,328253,588445,144048,1913903,133958,212636,379704,1748955,807872,1118390,644536,332350,1547957,2077996,1071081,743343,940555,866576,1364747,945835,1898324,1621500,567908,1319205,296737,1774768,541486,1227340,308455,780536,974734,681720,758515,902740,134472,1524817,909895,116520,225316,756431,1776170,1463328,444013,212796,1801701,34854,420060,497421,167718,1204687,1151585,237835,1681517,1442131,1790082,331735,535458,1689604,291428,1731941,798582,675261,386217,300066,475693,856126,39953,1591607,1448318,1531152,1037997,513196,1560799,455776,2008049,1848204,1857360,1928122,1598997,700360,1635790,1604816,553297,1300062,2035858,1045711,499797,453007,1664555,1815671,999348,187780,1993038,905981,149787,1472421,1065677,1364168,2079357,1523437,1301140,897614,2030903,1764382,162253,1076607,952474,1921158,1283138,246091,239178,1121350,601445,826677,955445,504561,724958,1960372,655646,159863,1013352,1979501,403707,717034,436344,1022619,584485,1980377,435184,1769581,962864,1550064,1579167,249379,943734,955560,1645713,1825761,544266,1639114,1408769,1656132,611398,1082034,152107,340061,931454,705641,1206257,551130,1364262,2009926,247449,865092,87028,1772325,971635,1391900,773510,532465,1131246,2040588,665499,379018,1604097,1924595,339687,1784031,1478754,1378851,959026,964427,288177,1416544,635958,1987304,724383,1732753,482665,1164486,944767,860818,732147,1871591,1099669,1679531,110163,1892206,805983,1460028,1063455,1111994,1183769,1080568,762214,1656045,1139831,894284,967409,1985728,1822015,2028622,17763,233367,
dwarf.c:regname,6
938122,168535,946425,1692263,2028124,1699477,
dwarf.c:get_encoded_value,16
823581,303016,1678082,1738240,1866024,518266,1097772,1425914,176261,1939281,1255525,1018809,1291194,137841,1289600,1915353,
dwarf.c:load_debug_info,10
998537,1979442,1318518,1127807,1150195,581126,2095810,1266351,1569169,1289302,
dwarf.c:find_debug_info_for_offset,8
1119145,832341,824880,1535355,710349,33357,1474774,191202,
dwarf.c:read_cie,93
1536178,1783530,867931,740037,177392,1041508,1017716,376953,444618,352898,82325,1286826,1144657,404408,1235832,1218419,1914621,1264080,1172302,1551990,1913353,999105,730005,873627,488200,346970,1017626,1363199,856829,587411,266067,670367,613477,768936,1841412,1038322,720121,394379,1316333,527598,397380,277907,411214,1480138,1311563,1263552,1776229,1661166,1771215,2078333,556725,1075937,959779,629820,641170,1983495,2031988,356405,1805357,1614093,1806941,500246,617260,1778572,397211,1806799,682106,133630,158748,1820846,1920869,1838469,1871440,104603,1934265,502262,402037,1032921,1066769,1310621,376944,320764,1805852,603783,1217844,667367,2034667,800115,506406,1291449,526263,1987574,699067,
dwarf.c:frame_need_space,16
1947599,1637686,1132664,84185,976528,1907822,1757486,1907789,2070077,736385,1557108,1677759,1586310,447964,1035172,302925,
dwarf.c:frame_display_row,30
815716,2046687,1858089,1304657,1923758,220624,46691,1911793,1876567,792656,1793817,2087929,480135,662556,1585773,303774,808940,155567,287030,1307342,478400,1697728,1559229,544707,2063395,578015,1710628,945883,1007534,1608918,
dwarf.c:display_debug_lines_raw,161
476769,800493,68849,1855587,319133,469515,496593,1322625,1582460,1297314,1107544,1211611,346970,814631,1668783,1850659,141937,1334110,1510061,566666,61172,529576,1106273,516435,1622381,43133,1591926,1353794,1315088,1196248,397671,935119,1503757,750396,1264624,648709,256092,1883561,933334,1953948,19441,1091337,1154674,1453112,419254,1259329,1501964,1356534,269375,1825236,1326841,762643,1555078,848147,851896,849823,604873,385552,191989,35006,293721,1428168,1391632,607103,697329,1097854,711980,1509952,312397,561166,965891,2035630,1254998,1233159,65543,2058230,465349,57798,2076798,1420837,1000088,603994,184885,1881974,277741,1661576,1756977,717244,1924085,264659,1121417,251741,1614985,1346596,974440,174454,1091820,1589444,795242,1773988,1720254,219464,841314,197752,789961,560725,688149,1400993,1122006,1800613,1320718,1973823,656364,1592092,743230,427439,510188,1746412,1583612,2019750,309424,90648,1295790,1203556,44926,319938,784933,1681030,1662725,795753,347746,675135,1870095,112285,171408,1632977,518207,1478406,1118114,37489,1491827,431532,554037,1620907,1191381,428413,1542700,299910,1427944,575047,447079,2080185,1834498,682131,2046249,2018501,1077047,1620534,368293,1750694,1463797,
dwarf.c:display_debug_lines_decoded,265
1001650,1185504,127836,1713756,18497,813757,1028969,1462970,1406564,333568,755841,1680796,944548,1423512,1511611,680046,1699502,1717671,284695,433070,1397959,304723,1797931,2040877,1082610,338105,1687909,20522,1970838,1133397,137039,1801408,1581842,1566727,659050,72577,1149473,289634,47843,1957596,510652,871752,120299,636716,239156,1379283,1486404,115584,408314,740479,1584957,1027222,1190358,1487531,1550215,271502,1546525,65126,2035528,1660809,374803,553727,2026480,735150,254470,1405008,191534,379555,1651935,522941,1117910,1068714,1937697,136955,1835682,2053605,643553,1974541,1179491,910525,2088168,1176238,553459,1564443,1325727,1213241,784676,913768,1318644,404143,751336,1170508,870777,1967771,1660436,1387079,999525,1834003,2021958,1661227,1291528,1597019,962120,604274,1464359,1240786,1369015,1513432,1362039,95757,68044,479624,1949001,523403,1517770,1027189,864795,691199,940691,2010527,206739,426441,1468304,1718395,1226774,1658515,1199837,265236,257462,828342,876118,390227,285435,1470676,279748,1534025,441060,2062242,1803188,545404,1400485,130477,147754,1554857,1184353,83297,44426,1704232,1554951,1555987,364655,224035,856175,617928,1872610,1495022,1270099,1679114,2021212,1823069,1422866,1071732,282740,1797153,1756568,1575239,151697,829787,1988399,1570083,513895,842648,496300,1104695,1561429,1528774,639827,257283,1182167,663107,1213273,865655,1940468,275690,1046005,1498420,716575,1246742,668527,1633236,1084898,1019948,1568214,550141,1234516,1494813,1354442,1715607,1958759,932321,1739918,370361,577505,1572217,1871389,1378837,76008,486709,1578864,200300,152946,1066865,1958430,607994,579465,630499,1873904,581573,520812,1600290,1164940,1154185,1183608,788019,580592,1381549,586280,143774,1036583,170445,194931,1838280,1801804,325941,379340,520515,711054,688077,1218443,462830,367263,435422,98490,1401102,1330965,653969,275339,1497580,717800,205457,1652600,544269,303520,64012,611290,1223847,274070,1932096,141313,1507633,710442,901023,459548,965774,27820,
dwarf.c:read_debug_line_header,116
177337,1897203,1946922,1953952,1625535,440624,1446643,314347,1087254,420482,1927939,562186,19555,1033261,101931,59408,644349,1000874,2060182,407901,1325764,243643,1563220,1956842,1013651,1051058,1411098,1576248,537826,318830,1573438,919025,237697,614754,680421,1789293,1871180,584288,493775,1890571,724152,254712,360569,1468751,246165,1538153,68667,1940238,182774,507091,1480495,772229,135017,494620,1800496,39066,1132516,465594,27586,294328,1624774,2093354,95356,1999805,297128,1141325,608977,934994,1172920,1372786,1717653,1303761,1705630,148950,1606549,2006967,178608,730461,1842457,552094,1042859,1820056,1509822,298679,2087513,1461855,986166,363880,340667,230709,956110,984236,46542,1408683,250659,1931433,1557045,848204,215085,1555306,721197,1913461,1588473,204857,693021,1779205,576091,686697,283834,414482,1959006,1828013,1903101,291463,1725948,226481,
dwarf.c:display_formatted_table,55
669627,2057358,222980,2090090,600629,467980,341281,1799355,1152906,1159609,365448,336508,1469535,192432,377589,1448326,461704,1208166,1573595,1600686,876095,1253793,1126192,1842492,1072681,1196707,1795420,1609528,64035,168983,123722,1488841,928689,1270110,1800959,482205,745159,1797279,594843,2053298,350417,1008502,588917,1216488,225687,1094577,905629,934835,1086122,142299,881438,1369832,263351,1400796,515427,
dwarf.c:display_debug_pubnames_worker,87
428566,412645,914529,1957947,1654515,1419338,435891,1138206,2062134,1478520,917106,731786,1889403,1259746,1853331,452838,543866,1621815,1867046,1492262,1569093,2076349,1042263,1278559,1244580,1114528,922733,254320,744300,1908031,1192089,685225,1129201,1097199,1692499,226352,1306757,1072272,1322953,1259115,913606,534915,25653,454171,206150,1270433,528769,1037043,68395,459914,529400,828182,891816,2088026,56982,587998,1526480,709776,1912148,224935,1428998,1419386,1353875,1518586,396368,1086012,567614,664773,1717496,1577047,1905637,647915,1190806,789948,424486,1026950,413100,1714100,708462,1092093,1016882,2030598,1995147,946775,1253867,1292818,494564,
dwarf.c:loc_offsets_compar,2
300167,1201272,
dwarf.c:display_view_pair_list,23
594022,7846,1382091,1970156,90769,37422,1686296,1263815,541650,120810,680150,1915096,339878,1816549,1997880,1730160,449275,18570,61801,733255,473041,1335433,1824982,
dwarf.c:display_debug_rnglists_list,72
1681928,1663907,1757906,1080263,122721,1888359,2060187,762787,186685,1334051,946278,96830,1548423,353058,632056,1288802,350369,2019570,1102463,1586974,325672,1067303,1070117,1981903,945001,1462058,517503,1473660,31607,755479,1907608,880496,802687,171949,1805596,1033182,1039952,322824,1833424,1269720,1426378,475401,96362,1912655,1678628,791632,518112,1649910,377891,1128797,1483630,120452,68161,439348,650851,485707,246542,1923958,813017,470873,213293,1883578,837482,2052205,1161043,1301708,1148678,973952,1865436,1021273,1025216,399213,
dwarf.c:display_debug_ranges_list,32
370936,1614662,1965482,1578448,1250888,813028,704059,1206591,1851932,315472,1833308,23146,605572,2020729,454248,805394,548810,2009139,311287,498763,758157,1553394,2079873,1230167,1073981,640960,737911,314579,1708526,877119,560946,890808,
elfcomm.c:byte_put_little_endian,6
150367,988401,151794,1549875,1942855,1102223,
elfcomm.c:byte_put_big_endian,6
593612,449022,978912,1959781,1360542,1002560,
elfcomm.c:byte_get_little_endian,9
1460660,1459422,342198,1592053,1492560,1962577,1474349,732800,1629082,
elfcomm.c:byte_get_big_endian,9
516604,1837838,1659098,793130,1440804,1792307,693103,1296308,863374,
elfcomm.c:byte_get_signed,5
690293,33919,841578,1730057,1314645,
elfcomm.c:byte_get_64,3
1538827,103577,972119,
elfcomm.c:adjust_relative_path,17
923906,563862,2055793,1773557,253726,809612,424881,1091388,2031261,1200876,1024652,994462,1199487,1088721,394417,1147328,497754,
elfcomm.c:setup_archive,29
938208,1618705,110191,984121,1325314,495637,427024,1444858,1205434,364530,614504,538882,769930,1666914,154471,1531297,523911,1707292,828131,1553906,2003263,375844,382138,1961036,95909,1690318,1792432,316487,1065348,
elfcomm.c:process_archive_index_and_symbols,35
285317,2050917,215346,772313,1111778,419747,1656738,520924,658993,1756133,393483,751293,465304,118698,911784,668040,306713,916563,1099481,347545,1192169,682640,1093150,687186,9475,177869,101058,389608,1375736,1348154,1692352,1387469,540848,423972,1895757,
elfcomm.c:setup_nested_archive,7
1754438,1538809,1742530,1543491,189798,678732,1955924,
elfcomm.c:release_archive,8
1296830,1346153,756686,765782,516199,253799,262980,600225,
elfcomm.c:get_archive_member_name,54
1449288,1052360,597438,1425752,1030303,1596743,1983219,391674,1703896,1758312,237831,715317,483042,1811078,1646888,807607,571663,1889970,460555,1212878,736969,1102742,70832,1805934,1135091,41007,1894036,29801,1725440,1025948,57879,177049,1596372,1798643,1188437,1450633,1626838,451291,1950639,1375247,1627167,264350,75426,1703978,37879,978891,369179,725300,1125807,1925326,1341160,45347,1735031,471364,
elfcomm.c:get_archive_member_name_at,6
656712,479945,1165713,1610780,1038447,944854,
elfcomm.c:make_qualified_name,14
1850381,1172084,982533,2087959,227023,228280,1097789,341877,770267,227034,562701,1613707,1451275,872402,
prdbg.c:print_debugging_info,3
749732,1697724,209092,
prdbg.c:pr_float_type,5
1649659,1930962,170672,534271,118647,
prdbg.c:pr_complex_type,2
450140,1642948,
prdbg.c:tg_enum_type,12
1395264,87488,401788,1295655,1522182,454375,1329559,1396222,1066541,153339,1320784,886872,
prdbg.c:pr_pointer_type,6
1352465,292380,1948180,515886,1144351,396745,
prdbg.c:pr_function_type,32
1818941,521176,838669,1418734,1030500,1609727,1666533,900241,2087078,648070,695482,1047845,778626,1792802,69955,1371964,1784795,1035715,771541,597389,1075101,1801930,1873031,1534649,294982,1108197,1026017,1536974,1622622,1630468,1325020,1484321,
prdbg.c:pr_reference_type,2
701269,1538976,
prdbg.c:pr_range_type,9
780182,1177699,149179,402615,1487498,1788016,2022831,675792,857951,
prdbg.c:pr_array_type,27
659187,1348238,2075999,1097783,1588770,1886054,1174711,1069808,327216,1137737,1144046,569943,213411,1633971,1447318,1004817,778192,201856,832010,123057,1001541,1354222,481043,334359,1545866,1538091,2000179,
prdbg.c:pr_set_type,8
1427670,506505,1005641,1359260,1963177,169210,797340,1367522,
prdbg.c:pr_offset_type,8
1324848,832356,351011,908797,24508,60315,950272,1573482,
prdbg.c:pr_method_type,49
79781,1245280,1936660,998729,547689,1870567,72007,168275,1412848,1978774,216879,352079,1147931,1803987,375737,281843,1263153,1540942,2034512,808195,1610459,1830078,1722548,982170,901833,704952,1654211,1360100,1469426,706043,250100,203530,417857,518763,89840,840266,1908569,1285613,474394,475057,1034423,397788,139889,1296474,727671,1357327,893251,393873,1208178,
prdbg.c:tg_start_struct_type,10
1666326,142443,901165,982633,1487825,260258,736103,1045741,1886164,794627,
prdbg.c:tg_struct_field,8
697794,990851,402918,1518826,1098059,1709428,1927870,1076673,
prdbg.c:tg_end_struct_type,2
1805732,821510,
prdbg.c:tg_start_class_type,28
1419183,1062137,279297,1192026,1196356,1153796,1411800,1852119,1931598,514357,1903646,1599738,1978506,369096,541415,786340,175222,2018732,1859203,522830,1003108,755406,1724122,35322,1784168,393922,676313,1227875,
prdbg.c:tg_class_static_member,10
475769,147602,690426,880630,685268,1320169,1915817,1405727,1422473,1139529,
prdbg.c:tg_class_baseclass,22
574356,510861,1724530,1852034,801292,861359,482578,197093,1942904,2038653,1879934,978339,1007517,423220,350897,1382283,640448,1186625,700775,571518,1924265,681977,
prdbg.c:pr_class_start_method,2
344687,1482696,
prdbg.c:tg_class_method_variant,28
1956794,721459,588716,1341023,1986714,1929072,1229840,1165712,1010195,40963,1196692,1115887,2045359,1333497,579783,483334,46087,81850,807441,133884,1089965,937462,1180008,2092942,261207,1804023,649235,384553,
prdbg.c:tg_class_static_method_variant,22
523470,890337,339940,1542680,481314,1020830,950252,1985758,1120520,165720,832090,296428,198264,454044,826057,1444941,459497,355630,1611799,1185465,1425688,1284716,
prdbg.c:tg_end_class_type,4
1263858,221855,1999390,490603,
prdbg.c:pr_typedef_type,2
549085,1827625,
prdbg.c:tg_tag_type,8
790331,1594848,1023115,868764,1180765,184898,1025552,691373,
prdbg.c:tg_typdef,4
1479506,632878,1052259,933439,
prdbg.c:tg_tag,4
1242308,1688825,113922,441591,
prdbg.c:tg_int_constant,4
1603815,423489,881925,2012391,
prdbg.c:tg_float_constant,4
419496,660950,1470500,1799138,
prdbg.c:tg_typed_constant,9
1231260,1499068,1189597,1140864,1759398,28994,54683,680421,409873,
prdbg.c:tg_variable,17
91126,299012,1257337,106503,66406,1173459,332706,103256,493935,69978,1627606,270185,1605544,30034,1983367,1292723,1731705,
prdbg.c:tg_start_function,20
2080859,213093,713026,1667213,47891,96900,1734542,1444000,128483,1536744,533902,723536,1233949,1003843,587093,2021257,1530287,661010,416697,2032646,
prdbg.c:tg_function_parameter,26
133840,615735,623230,1575751,937037,1150381,2060480,2034876,386518,1626798,1579964,1544412,1688101,1159261,339342,472234,1127151,244413,1050552,404943,738355,1361377,1332090,1898961,143516,595068,
prdbg.c:tg_start_block,21
882359,639429,150598,480955,796294,963123,2041159,1576675,930548,884997,1439790,273435,1448323,296185,1503852,1218168,933581,762367,1559136,1574121,99360,
prdbg.c:prepend_type,2
84572,1647629,
prdbg.c:pr_enum_type,27
1037926,1545713,52777,2072145,1563080,401457,918004,653367,97216,1896618,573977,5754,1616880,491038,148481,1265547,522541,1012179,1602460,901531,313337,830502,1111146,1270362,973667,2067947,331278,
prdbg.c:append_type,4
1598590,81664,1552459,33992,
prdbg.c:substitute_type,14
1416553,1434963,1131851,1318754,2008659,1239220,766281,128728,1461577,1009319,552887,1408922,1191603,46801,
prdbg.c:tg_fix_visibility,6
1720731,1367765,637326,1371714,1645847,1705409,
prdbg.c:append_parent,7
128255,202212,1100691,834027,1433335,1897489,1086791,
prdbg.c:find_address_in_section,8
2040547,602693,828153,70990,1266406,804342,380343,1134284,
prdbg.c:pr_start_compilation_unit,2
1910392,836077,
prdbg.c:pr_start_source,2
59924,346393,
prdbg.c:pr_start_struct_type,33
304733,640146,1668799,1314330,1908180,1602391,46145,737948,284547,1853519,1895328,653490,56038,1724021,1329183,1009914,1752990,1738988,1279845,839680,776038,1730056,2018301,37582,1913143,870586,684600,1322736,916491,856601,922867,1782440,1419423,
prdbg.c:pr_struct_field,27
1903343,283290,1692991,990791,1881512,1696747,1117637,1713044,1126907,1415148,1041132,1302097,383010,1667097,706518,1492574,1591485,1158581,738042,416067,964161,344345,1528402,1972869,260731,910648,1525353,
prdbg.c:pr_end_struct_type,8
1102444,243406,1976662,1661758,1462634,1050797,246264,576284,
prdbg.c:pr_start_class_type,53
214090,677994,1525091,518673,667401,594522,2081267,1693643,1931087,1758949,789822,1085529,382495,679368,1828014,1291090,698946,503388,2078329,1527695,1801466,129477,47789,774989,1663018,1692321,1760342,510992,719873,674444,348862,395688,1837468,1174694,1921138,370072,630303,1313881,225518,559816,428506,147072,835683,137382,1848425,2006293,680209,1147944,1203906,142019,830724,556192,1011641,
prdbg.c:pr_class_static_member,18
41967,1861792,1028543,756768,284843,1833679,1050856,1234051,1685088,1264827,237634,961367,1399473,891745,1155966,1728586,1043393,1799716,
prdbg.c:pr_class_baseclass,34
1686373,1150399,2051783,296289,374727,1965485,1347450,698544,1504741,1964738,1354850,665575,565565,1611597,1790237,1583742,1773493,1253523,1523915,636461,983001,1861307,1637955,1818384,25459,1852607,348149,1793974,718040,425520,525429,1790584,549099,1929895,
prdbg.c:pr_class_method_variant,56
399615,1874505,973999,1615916,4208,1560346,925966,1409976,1736832,90677,318066,768846,428307,1045265,1409233,953269,1347213,1094313,272131,738862,1950226,306006,1517858,2053156,725629,1515259,562879,1887190,649231,1968593,1713312,1770160,1555333,1187434,1380400,6651,31202,2012515,2028639,609447,2015202,1700811,214507,1472116,229001,825050,71116,808535,1265380,1356761,1825115,1782103,1676069,1308225,1568834,167521,
prdbg.c:pr_class_static_method_variant,33
1945226,1967814,1262030,926319,589184,1336193,152276,189598,2043546,1966285,812620,1530674,1251550,1999095,562268,112965,1937797,472924,1326406,496555,1053461,478739,1880325,526242,117546,1501077,2046611,1321704,1676347,1924242,1293112,551807,2020835,
prdbg.c:pr_tag_type,13
139281,326823,1068528,371433,488870,118453,1981326,1410487,1166166,222698,463804,1614366,2040510,
prdbg.c:pr_typdef,10
230950,1944083,1519896,1404723,622050,1129853,1923367,1148090,536684,180668,
prdbg.c:pr_tag,8
320363,1209966,1737552,344955,1964664,2065092,783478,253097,
prdbg.c:pr_int_constant,4
1898237,2052943,2033920,1416618,
prdbg.c:pr_float_constant,4
607215,1804803,1499820,993919,
prdbg.c:pr_typed_constant,9
1235153,266093,1780503,33168,899362,1746478,1913133,1889063,1560244,
prdbg.c:pr_variable,15
40201,833346,1259995,1924376,487309,855966,1050076,1587961,869521,1927217,822176,903799,315116,373926,336846,
prdbg.c:pr_start_function,13
1951882,1334030,1833866,31486,1464519,890983,2000024,217301,1160076,664994,1989512,1719569,1958673,
prdbg.c:pr_function_parameter,20
1515939,44560,72465,132680,587367,1903368,1530485,1137649,1494069,168223,434204,701040,221289,489217,1389560,1878391,586185,563981,1822242,2065145,
prdbg.c:pr_start_block,6
566057,931310,1044944,323707,1012330,56079,
prdbg.c:pr_end_block,4
1820230,448580,1350521,1885225,
prdbg.c:pr_lineno,4
1288535,1451277,1492263,436218,
prdbg.c:pr_fix_visibility,17
614769,1529810,178420,1180216,335777,1665226,1995854,697489,381274,1663299,2083867,277572,1020684,1052819,1646957,1633149,1893249,
rddbg.c:read_debugging_info,105
874777,1456024,1249953,1739313,1564582,449410,1239716,268696,721785,606084,729667,1460417,1801831,2024537,1127243,171742,2038069,576027,1926156,295077,1260155,1789793,65649,636670,314097,1659618,203326,1137481,1644022,1362723,431018,578982,1065079,1562806,1373197,190517,505220,938919,1941647,1358303,721191,1202356,1943652,832522,1307552,67484,1632558,13354,1801475,1494568,1336893,1613721,1568243,315830,2031078,1571331,497750,1579635,919221,1834772,413099,1868192,451570,548991,1360555,1233414,1631493,345257,1205471,418171,238068,1794515,568887,1080068,1592003,1617730,622793,1953608,1173164,1230257,351854,1036864,1116502,988780,2043209,1364219,1299302,919944,241428,1259146,720550,1741382,71342,320555,2003285,1681074,1917332,144183,2002909,1161505,442763,35940,1490155,1513103,858746,
rddbg.c:stab_context,11
1467863,1454821,825487,612780,673517,599704,776902,878227,1356567,2054049,635798,
ldmain.c:main,151
221038,1941084,829444,887792,1610030,165343,973992,221068,1884294,8643,1312971,865352,2078265,336691,1328864,2015036,33258,172266,1894939,1435945,1972233,1186655,879954,673030,940857,228433,1648737,1801790,781033,336870,2074081,1562648,16571,872889,697821,1222175,1812972,1421976,1719401,1262870,679527,719782,487937,1860964,465749,1281716,355437,452865,384975,186367,1537438,1655699,1720221,1849032,978378,1905577,408902,1889019,952628,68659,1753513,1861056,436,383808,1542525,1468207,1978718,138917,2007279,847107,905547,449259,1183740,114138,1893957,1457595,1533172,1562118,1438269,1919019,418949,1866453,219678,1902304,1896167,1018310,1307791,2019013,1708696,433597,218796,958669,1015539,1188425,272409,1240299,203215,991874,917819,552698,1449285,1421398,941427,1054305,1379258,2058473,1281942,1252870,1343625,556986,1354436,210241,709735,1980545,1999142,247237,2007100,2011200,914742,1404347,359103,1794902,188507,1841375,1294764,1051015,1343,12548,366219,241481,332032,1619485,60202,1093356,404735,1171793,1766220,307732,1820164,1389707,353164,1569825,1604826,1065586,1478314,142103,1795786,2052328,1197970,733780,1449084,
ldmain.c:ld_bfd_error_handler,2
269391,677965,
ldmain.c:ld_cleanup,3
975727,629078,1418754,
ldmain.c:add_ysym,6
611853,1336751,376649,2090573,1612253,1568159,
ldmain.c:add_ignoresym,6
1897113,1069723,474715,503484,1611925,944799,
ldmain.c:add_wrap,6
1349999,593715,91657,864169,806746,823037,
ldmain.c:add_keepsyms_file,29
408953,941207,951984,1234941,1935549,1749877,2011016,139760,929085,1718527,907934,63859,130408,1703101,1031796,23398,1245446,1364804,1376820,852223,710106,1528330,661158,52607,655499,1772176,1986224,465873,666911,
ldmain.c:add_archive_element,44
956635,500809,1042305,1944639,1846533,812550,342372,1106553,49474,1441642,1260803,1873215,1563422,674711,1781769,3966,943178,1621286,153879,198288,595928,504865,436343,711851,1281978,587899,56330,1381457,29098,1551896,1300638,354968,2060638,34995,1347875,20625,1244122,784951,39758,69130,1553144,1767366,1020992,1132076,
ldmain.c:multiple_definition,24
1010687,763806,45531,360838,997876,126382,629117,95250,672498,1456552,279852,2033993,85560,1345320,658726,59490,967064,1883586,1942070,1021612,543106,1091393,1295002,948310,
ldmain.c:multiple_common,37
2066845,582605,1833392,2082542,126501,928352,1710954,357488,1811139,1593462,291195,401700,1665917,2006524,582585,734116,1165392,801824,1836167,723433,20773,650743,542476,215442,1152153,1912522,229676,180497,1710164,662209,947551,747876,615894,917424,239763,220425,1195490,
ldmain.c:add_to_set,6
1992263,1879399,1994431,1919459,280597,2026871,
ldmain.c:constructor_callback,18
1947576,550964,1835482,1908958,1514307,2035907,782609,1975436,439054,1874202,714589,444719,493698,324517,319009,1235389,1894121,682067,
ldmain.c:warning_callback,22
1187717,21505,921574,939451,138778,610066,1891509,911998,2043566,1120815,1623744,1214407,1699570,15035,41846,1031838,1190977,1834435,1013604,1719583,1494469,1730215,
ldmain.c:undefined_symbol,33
619615,1797774,1901778,1006142,169618,1273972,476042,1268575,1986110,1747452,1256605,1095335,64318,1325439,950264,750463,1503563,38757,1272522,639408,1168296,1214177,1105236,65076,588862,2074130,1200112,2018524,1790079,726067,108162,115919,1927615,
ldmain.c:reloc_overflow,21
822764,1199575,447974,1278401,1915059,2047753,1280679,1695511,287779,232818,2062903,1455963,568938,71196,1078700,839534,1004644,1266484,212677,1017619,734218,
ldmain.c:notice,13
2010719,1507683,1175403,310399,2004614,1333968,967968,830399,490611,940823,1713411,1272103,1300934,
ldmain.c:warning_find_reloc,19
1330477,1515365,1189621,1982442,940859,298463,371763,1527408,1569351,1511485,1437388,114546,1235090,129375,613549,1894822,1651711,1911571,644815,
disassemble.c:disassemble_init_for_target,2
314667,1072548,
disassemble.c:remove_whitespace_and_extra_commas,31
1043735,1224120,1366676,553039,1015452,1529915,1445257,672390,867757,625077,1965431,1837770,142337,1676931,976787,1388339,858272,1501146,1004586,152717,1054409,1904859,264105,955946,1391908,1927411,1053574,14879,328950,1652917,246986,
disassemble.c:disassembler_options_cmp,9
1229107,1459412,1233055,590136,289733,971253,2047060,577537,270070,
argv.c:dupargv,10
1053991,1387773,1364538,418254,1376738,944352,437976,767264,713482,291012,
argv.c:freeargv,6
911720,547371,1747191,1415720,566891,1616485,
argv.c:buildargv,45
1456831,1345403,1616436,1681771,583816,1036064,177513,1169268,1120938,40290,1066125,1429579,1380865,1860796,375801,1471487,190084,459698,386244,605390,573289,1991853,1347631,1641798,427097,306924,172598,112234,387498,1404067,1256008,498780,1498141,1155460,1002796,757294,1305153,229735,1715965,927050,1456470,1539133,873325,1085379,1527246,
argv.c:writeargv,21
2024123,1170697,35043,1384229,358920,854202,1865958,1768210,617836,1870075,1432933,681708,761309,429130,718704,141831,545327,1071426,1884215,1770875,648377,
argv.c:expandargv,41
1262198,590129,415726,223127,655699,1418043,433823,795288,1928889,722178,62516,1286096,1847876,1492446,1219144,2049525,460856,1317447,1750467,1065231,1099483,1646421,468323,299108,1858549,273628,191640,957856,535732,1463964,396822,41915,1958839,1734260,802784,1921168,1088462,1338423,1814994,1856845,561666,
argv.c:countargv,6
1400305,1593046,695670,614159,1786503,1478819,
concat.c:concat_length,7
198539,998699,1776049,183015,1607466,4685,1270945,
concat.c:concat_copy,7
539920,738007,1176190,1087590,105606,455094,1445904,
concat.c:concat_copy2,7
1544446,1618453,423692,1426622,681247,1634314,1289998,
concat.c:concat,14
696232,965124,663218,1088319,1225593,1337694,921846,1066848,641082,1191106,159976,682384,1717388,1099083,
concat.c:reconcat,16
1555192,796397,755720,1390425,1367500,1161196,460350,1827141,97375,1652795,1310980,900841,264396,960402,849705,1139182,
cplus-dem.c:cplus_demangle_set_style,8
396058,340851,1632897,431351,814720,1472647,1388024,1993128,
cplus-dem.c:cplus_demangle_name_to_style,8
1277081,850094,891422,1532677,757510,592535,1999367,945534,
cplus-dem.c:cplus_demangle,29
357593,2023072,260301,713793,1294428,1742732,1272061,1933999,640946,1961311,1383732,1861163,958933,171181,1532534,1159422,305949,1783465,1442613,1641271,489396,1225190,828408,116296,1748979,904570,1377293,1079650,1025129,
cplus-dem.c:ada_demangle,123
1100222,270394,253486,1247835,1142593,339906,1233186,1973565,493608,1423262,77024,590360,13496,1650176,109575,246825,1038664,1372291,1093563,1231950,1116271,825718,304007,613530,1406952,1407519,1014729,368419,1868381,24220,499597,1090603,788266,733260,888716,2020834,1439914,160142,1451531,444384,713313,148156,1752632,659116,438019,1404666,954383,378725,763859,1527326,980043,1560412,103257,2066727,397074,218969,168712,741278,883701,1348053,2083731,162184,1053685,586459,1652895,1372969,1467643,858592,459631,1028537,1242128,1967093,1614632,1235032,2011613,1722901,1141501,842003,328842,1915580,1445097,420372,2027626,289336,9980,1246810,468228,565796,1727970,386889,189610,1543473,1897723,1429146,1716787,13999,341819,1880320,1713336,662398,1390379,878273,928808,1844316,1147746,104907,146692,571315,1936704,76677,1150884,523920,525048,1764997,379594,1864549,142301,1531428,2089739,1630736,1412646,380537,1286871,
cplus-dem.c:rust_demangle,4
1506601,855163,585612,1673956,
filename_cmp.c:filename_hash,6
101389,106997,961951,666550,1937210,1902142,
lbasename.c:unix_lbasename,8
1962188,1551529,805413,642782,372460,1752602,937102,1274897,
lbasename.c:dos_lbasename,11
392925,13785,1319051,591911,1578910,161682,1137718,144552,1424882,1812739,760080,
lbasename.c:lbasename,8
198679,1412076,1029894,1650096,808971,2082131,1003497,1524029,
xmalloc.c:xmalloc_set_program_name,2
1821597,920420,
xmalloc.c:xmalloc_failed,3
2001810,1097961,2031443,
xmalloc.c:xmalloc,4
1786403,1977169,1333644,1098268,
xmalloc.c:xcalloc,5
119731,147015,2070608,1263851,1841894,
xmalloc.c:xrealloc,7
1774580,2047539,557689,32453,599264,1557345,115260,
