archive.c:_bfd_ar_spacepad,2
3481744042,3481750675,
archive.c:_bfd_ar_sizepad,3
3481744603,3481744768,3481751401,
archive.c:_bfd_generic_mkarchive,2
3481763776,3481760542,
archive.c:bfd_get_next_mapent,10
3481743316,1855295357,3481747870,3481751269,3481771960,3481748002,3481749190,3481769881,3481778593,3481745923,
archive.c:bfd_set_archive_head,1
3481770772,
archive.c:_bfd_look_for_bfd_in_cache,10
3481761202,3481786249,3481746055,3481743943,3481749487,3481783444,3481751863,3481770376,1855376537,3481759519,
archive.c:_bfd_add_bfd_to_archive_cache,12
3481762918,3481787965,3481757572,3481762060,3481745791,3481777372,3481753579,3481755790,3481805917,3481741765,3481782058,3481772290,
archive.c:hash_file_ptr,1
3481789219,
archive.c:eq_file_ptr,3
3481754701,3481768858,3481759057,
archive.c:_bfd_calloc_wrapper,2
3481748464,1855310801,
archive.c:_bfd_generic_read_ar_hdr_mag,82
3481801396,3481773148,3481750411,3481786348,3481759156,3481750477,3481783147,3481752853,3481759420,3481762720,3481762786,3481756285,3481752226,3481768561,3481756615,3481772950,3481780606,1855407227,3481804564,3481754503,3481775194,3481791529,1855316642,3481748332,3481754866,3481779913,3481800604,3481776646,3481748563,1855311098,3481781233,3481786678,3481798657,3481805191,3481753051,3481759585,3481752292,3481772983,3481789318,3481765492,3481756912,1855336145,1271041140,3813123421,2849435672,4253339721,4170084572,3920319125,3171022784,923133761,3481764700,1855359509,3481765921,3481795489,3481771630,3481796017,1855453460,3481759024,3481791760,1855440689,3481755856,3481794004,1855447421,3481759255,1855347035,1271073810,3481752160,3481771762,3481767373,3481768660,3481770904,3481768726,3481767670,3481763347,3481763413,3481767802,3481770079,3481758166,3481763644,3481760410,3481753876,3481780012,
archive.c:_bfd_append_relative_path,4
3481782586,3481765327,3481764403,3481768891,
archive.c:_bfd_get_elt_at_filepos,82
1855349015,1855424156,1855303574,1855297238,1855313870,1855415741,1855320998,1271162316,3813486949,1855343966,3481755262,3481757539,3481795753,1855452668,3481826245,3481778428,3481755625,1855332284,3481762258,1855352183,1271089254,3813267763,2849868698,4254638799,4173981806,3932010827,3481766713,3481775656,3481783279,3481784170,3481795060,4024349937,3481753909,3481784500,3481795390,1368344407,1855327136,3481757440,3481747639,3481764007,3481770541,3481753183,3481778296,3481766317,1855364360,3481777240,3481765261,3481766383,3481781431,3481768363,3481776019,3481762819,3481815256,3481764106,3481775161,1855337729,1855308326,1855357430,1855377032,1855324958,1855400297,1271125785,3813377356,1855397129,1855361192,1855364558,3481763677,3481774765,3481757407,1855337630,3481772719,3481782652,3481772851,3481775062,1855384358,3481780705,3481767637,1855368320,3481790671,3481778692,3481758067,3481773445,
archive.c:_bfd_generic_get_elt_at_index,4
3481762951,3481783642,3481803277,1855475240,
archive.c:bfd_openr_next_archived_file,6
3481760707,3481787932,3481773808,3481784698,3481763116,1855354757,
archive.c:bfd_generic_openr_next_archived_file,10
3481761235,3481771069,3481795027,3481785325,3481766845,1855365944,3481779979,1855405346,3481786744,3481772587,
archive.c:bfd_generic_archive_p,43
3481796314,3481784401,3481790011,3481824859,1855425641,1271309628,3481761763,3481795522,3481767241,1855367132,3481771795,3481777339,3481781728,3481781794,3481757968,3481799350,3481763710,1855356539,1271102322,3481767010,1855366439,1271132022,3481785589,3481783477,3481782421,3481769485,1855354262,3481791265,1855439204,1855347530,1855429205,1855386833,1855419503,1271096976,3813290929,3481774369,3481786414,1855424651,3481764667,3481775590,3481790836,3481781035,3481773610,
archive.c:bfd_slurp_armap,67
3481773379,1855385744,3481817104,3481771465,1855379804,1855389704,1271201817,3481777009,1855396436,3481790044,3481796941,1855456232,3481776283,3481788328,3481799317,1855437422,3813605452,3481800010,3481781596,3481786018,3481783906,3481807897,3481779715,3481809184,3481817929,3481791859,3481780078,3481804036,1855435442,3481792222,3481784632,3481778197,3481781530,1855405643,3481778395,3481788262,3481794895,1271305173,3813915520,3481794103,3481797403,1855457618,3481776745,3481774633,3481769188,3481790968,3481777933,3481772488,3481794268,3481778032,3481798690,1855461479,3481797997,3481777075,1855396634,3481777405,1855397624,3481816873,3481809349,3481840996,3481785523,3481776844,1855395941,3481772521,1855382972,3481788988,1855432373,
archive.c:do_slurp_bsd_armap,33
3481787635,3481794334,1855448411,3481773676,3481785721,3481778230,3481776184,3481810042,1855430393,3481786381,1855424552,3481784203,3481808194,3481776877,3481772620,3481761730,3481779253,3481767307,3481787041,3481776151,3481796809,3481779517,1855403960,1855479101,1855397426,3481787173,1855426928,3481784995,1855426532,1855393862,3481791694,3481783114,1855414751,
archive.c:_bfd_slurp_extended_name_table,56
3481790902,3481811593,3481844263,3481807336,3481823737,3481780276,1855406237,3481775953,1855393268,3481770574,3481807600,3481770607,3481813078,3481808854,1855491971,3481788196,3481791562,3481787239,3481774270,3481816741,3481774303,3481811329,1855401485,3481799383,3481815718,3481771201,3481808227,3481771234,3481813705,1855438313,3481811659,3481841062,3481794301,3481793278,3481813969,3481771531,3481808557,3481789285,3481809976,3481803508,3481790440,3481782883,1855401188,3481785127,3481787338,3481803673,3481813474,3481776448,3481831987,3481778659,3481785193,3481783048,1855414058,3481777669,3481775623,3481817038,
archive.c:_bfd_archive_bsd_construct_extended_name_table,1
3481784104,
archive.c:_bfd_construct_extended_name_table,131
3481803904,1855477121,3481787800,4270630954,3481793410,4154234395,390747064,3481788163,1855429898,3481815454,1855450094,3481785094,3481790572,1855437125,1271344080,3481804762,3481817830,1855421384,3481846309,3481787734,1855428611,1271318538,3813955615,2851932254,4260829467,4192553810,3987726839,3481791034,1855438511,1271348238,3814044715,2852199554,4261631367,4194959510,3994943939,3394897226,1594757087,489303966,1467911899,3481834627,3481826377,3481797007,3481798261,3481786315,3481842943,3481805323,1855481378,3481836937,3481799944,3481786909,1855426136,3481814134,1855507811,3481810867,3481800142,3481796908,3481807831,1855488902,3481781695,3481805653,2304617875,1855445639,3481801462,1271344971,1855450589,3481790803,3266885065,3481796479,3481791925,3531527374,3481821724,3481791298,1855439303,3481797964,1271322399,3481793641,1855446332,1271371701,1271499411,3481820899,3481788427,3481849411,3481796116,1855453757,1271393976,3814181929,2852611196,4262866293,4198664288,4006058273,3481791793,1855440788,1271355069,3814065208,2852261033,4261815804,4195512821,3996603872,3399877025,1609696484,534122157,1602366472,3481837564,3481796413,3481800934,3481815091,1855510682,3481807633,1855488308,3481796776,3481786183,3481803607,1154882280,1120687361,3481809151,3481804894,1855480091,3481802716,3481789681,1855434452,3481832152,3481839775,3481827928,1855454648,1855297535,1855317434,1270925310,1270985007,3481797700,194847107,1855454846,
archive.c:_bfd_archive_coff_construct_extended_name_table,1
1855418909,
archive.c:adjust_relative_path,63
3481789615,3481788625,3481786711,1855425542,3481796512,1855454945,1271397540,3814192621,1271309331,3813927994,3481786777,1855425740,3481796578,1855455143,1271398134,3814194403,1271309925,3813929776,3481783576,1271320320,3481799911,3481804267,3481828225,3481822813,3481782817,1855390991,3481781761,1855410692,1271264781,3813794344,1855417721,3481781959,1271354772,3481781992,512132121,1855413860,1271205678,3481780177,1855442075,128400891,3481781464,1855409801,1271262108,3813786325,2851424384,4259305857,3813960961,3481787206,3481785028,1855420691,3481793806,3481781860,3481793872,3481789549,3481793938,1271374968,3481784302,3481794136,3481781167,1855447817,3481790869,3481781299,3481784830,
archive.c:_bfd_archive_bsd44_construct_extended_name_table,25
3481810339,1855496426,1855447718,1271376156,3481791991,462981168,3481799713,3481844461,3481802122,3481805488,3481790242,3481789186,3481802254,1855481873,1271478324,1855436135,3481799086,3481813243,1855495535,1271519310,3481825387,3812775931,3812955022,674625372,1855464548,
archive.c:_bfd_generic_write_ar_hdr,3
3481809481,1855493852,3481835683,
archive.c:_bfd_bsd44_write_ar_hdr,24
3481809877,1855495040,3481791430,1855439699,1271351802,3814055407,2852231630,4261727595,4195248194,3995809991,3397495382,1602551555,3481841623,3481791661,1855440392,1271353881,3481792849,1855512563,3481797172,3481840864,3481835518,3481800769,3481827070,3481841425,
archive.c:bfd_generic_stat_arch_elt,20
3481803376,3481815355,3481799218,1855463063,1855469795,3481793839,1855446926,1271373483,1855447025,1271373780,3814121341,3481793905,1855447124,1271374077,1855447223,1271374374,3814123123,1271521983,3481833208,3481808161,
archive.c:bfd_dont_truncate_arname,21
3481811956,1855501277,3481800043,3481856671,3481813012,1855504445,3481807699,3481807996,3481825453,1855541768,3481798228,3481823275,3481808986,3481807072,3481807204,1855500188,3481833373,3481824694,1855539491,3481797469,3481822516,
archive.c:bfd_bsd_truncate_arname,8
1271546040,3814638121,1855488506,1855489397,1271658009,3814974028,1855460093,1855535234,
archive.c:bfd_gnu_truncate_arname,18
3481814068,1855507613,3481808755,3481806775,1855485734,3481829644,3481842712,1855593545,3481865581,3481798129,3481825354,3481798162,1855541570,3481809217,3481826674,1855545431,3481799449,3481824496,
archive.c:_bfd_write_archive_contents,125
3481804333,1855504643,3481810933,3481821856,169806733,3481812418,2160791874,3481807237,1855487120,1271494065,3814482196,3481818292,3481808491,3481848883,3481814794,3481839841,3481860631,3481809514,3481809547,3481810669,3481818325,3481810702,3481827103,3481802320,3481839346,3481812187,3814557931,3481810075,3481811197,3481800472,3481802914,2848393202,2848930475,3481805389,4250212311,4251824130,3481805686,4160702342,4165537799,3481803574,3892172435,3906678806,3481737706,1855278527,3481863700,3481797271,3481821625,1855441382,3481821427,3481811626,1855500386,1855530284,1855465538,1271429319,3814287958,2852929283,4263820554,3481821955,1855482467,1602597113,1855502663,1855479695,1271471790,3814415371,3481847365,1271464068,3814392205,3481810537,3481804102,3481816081,3481866241,1855497515,3481804300,2853979772,3481827334,3481806742,1855495337,3481804630,3481802518,3481817797,3481826509,3481846111,3481842844,3481810240,3481824397,3481841887,3366797590,3481814860,3481833505,1855565924,3481810735,1855497614,1271525547,3481809712,1855494545,3481856605,3481805521,3481811098,1855492367,3481842778,3481829776,3481840798,1855481972,3481811560,1855500089,3481839874,3481843207,2435013870,1855509989,1855520384,3481807798,1855488803,1271499114,3814497343,2853557438,4265705019,4207180466,4031606807,3504885830,1924722899,1479201402,142636911,427910734,1283732203,3851196610,
archive.c:_bfd_compute_and_write_armap,85
3481816510,3481812352,3481820173,3481818127,1271533269,3481807270,1855487219,1271494362,3481862809,3481835617,3481850863,3481826905,3814599808,2719407518,1271593857,3481812979,3481809745,3481854394,3481816477,1855514840,3481818688,3481818787,3481823209,3481821097,1855516028,3481822417,1855532660,3481824628,3481843306,3481827037,1855546520,3481846639,3481843405,3481829413,3481816378,1855514543,3481817500,3481827499,3481822219,3481816972,3481835485,1855516325,3481844197,3481812649,3481831162,1855503356,1855585031,3481812682,1855503455,1271543070,3814629211,2853953042,4266891831,3481833439,3481832482,3481850995,3481812946,3481834726,3481839115,3481831558,3481838092,3481835980,3481817467,3481842514,3481840402,3481821889,3481848025,3481866538,3481829545,3481837168,3481829578,3481837201,1855595327,3481814662,1855509395,1271560890,1343541250,3814781572,3481813771,1855506722,3481821493,3481816114,3481821823,3481816444,3481824133,
archive.c:_bfd_bsd_write_armap,66
3481832812,3481826212,3481829677,3481831855,3481837300,3481841788,3481836409,3481858189,3481835419,1855598000,3481826773,3481829182,1855563845,3481810009,3481848124,3481822087,3481859113,3481832020,3481853800,3481859278,1855492961,3481847299,1855497020,3481846474,1855572458,3086582714,3130101827,669813551,800370890,2009440654,2401112671,3481816180,3481810801,3481815223,1855498208,1271527329,3481857793,3481828522,1855561469,3481834198,3481839643,3481844131,3481838752,3481860532,3481837762,3481846540,3481829116,3481831525,1855514939,1271577522,3814732567,2854263110,3481816543,1855515038,3481813342,3481835122,1271540694,3814622083,1855643243,3481852876,1855624037,3481839808,3481866010,3481836475,3481817203,3481848850,
archive.c:_bfd_archive_bsd_update_armap_timestamp,16
3481825552,3481862578,3481847530,3481836871,3481851028,3481871719,3481847761,3481864261,3481814167,3481852282,1733354667,2908370718,3481814431,3481850368,3481884193,3481815652,
archive.c:_bfd_coff_write_armap,60
3481820371,3749095342,3481832779,3481851292,724605263,3481866703,3481868881,3481874326,1855570775,1855665518,1855672052,1855688387,3481827895,1855549094,3481847596,1855608197,2835512805,1855563746,3481833736,3481822879,3481830601,3481867627,905096706,135177563,2715290119,405532690,3850903062,1216598071,2962774595,3649794214,1270868286,3812604859,3481817731,1855532066,3481823407,4029831262,3481834693,3481853206,3541070911,3481868617,3481870795,3481876240,1271657415,3481837036,1855671260,1855677794,1855694129,3481829908,1855555133,3481849609,1855614236,969383018,1855569488,3481843339,3481859740,1855644629,3481846672,3481872874,1855595426,3481855714,
archive.c:_bfd_unlink_from_archive_parent,11
3481825123,3481846903,3481852414,3481856803,1855554341,3481839610,3481830898,3481832053,1271668998,3815006995,2855086394,
archive.c:_bfd_archive_close_and_cleanup,19
3481825915,1855543154,1271662167,3814986502,3481855318,3481862941,3481845748,3481826146,3481837102,1855543847,3481833967,3481854658,3481830733,3481823242,3481850467,3481833241,3481826707,3481838719,3481845253,
archive.c:archive_close_worker,2
3481867297,1855608692,
bfd.c:bfd_get_error,1
375701993,
bfd.c:bfd_set_error,2
375705920,375710309,
bfd.c:_bfd_abort,1
375733409,
bfd.c:bfd_set_input_error,4
375706712,375706745,375708956,375713345,
bfd.c:bfd_errmsg,11
375711893,375733772,375753440,375765419,375697934,375703412,375712322,375718889,375712421,375704897,1127114692,
bfd.c:bfd_perror,9
375706679,375711068,375723047,375732848,375710012,1127105980,375710078,3381317941,375706844,
bfd.c:_bfd_error_handler,1
375717173,
bfd.c:bfd_set_error_handler,2
375725489,375739679,
bfd.c:bfd_set_error_program_name,1
375744728,
bfd.c:bfd_set_assert_handler,2
375728294,375742484,
bfd.c:bfd_get_reloc_upper_bound,5
375732650,375740273,1127117761,375729581,1127188744,
bfd.c:bfd_canonicalize_reloc,5
375733838,375741461,3381353284,375730769,1127192308,
bfd.c:bfd_set_file_flags,14
375735488,375743111,1554125261,375729152,1127187457,3381562372,1554752525,367408488,375753308,1127259925,375739184,1127217553,375776210,1102225465,
bfd.c:bfd_assert,1
375727634,
bfd.c:bfd_get_arch_size,8
375737831,375744365,375753077,375736775,1127210326,375768356,375771623,375770600,
bfd.c:bfd_get_sign_extend_vma,29
375732353,1127197060,375757400,1127213494,3381640483,375769412,375735719,1127207158,375732683,1127198050,375735983,375763208,375736016,375764330,375736049,375765452,375736082,375766574,375736115,375776408,375736148,375777530,375736181,375771029,375736214,375774329,375733046,1127199139,3306676396,
bfd.c:bfd_set_start_address,1
375751262,
bfd.c:bfd_get_gp_size,12
375741032,375748655,375745454,375751988,375760700,3381630979,375757466,375750965,375757499,375766211,375736841,1127210524,
bfd.c:bfd_set_gp_size,12
375741923,375749546,375742022,375748556,375757268,375733343,375762746,375747533,375754067,375762779,1127200228,375754100,
bfd.c:_bfd_get_gp_value,13
375738095,375742517,375750140,375742616,375749150,375757862,375741560,375762251,375748127,375754661,375763373,375741626,1127224879,
bfd.c:_bfd_set_gp_value,13
375738689,1127229334,375750734,375743210,375749744,375758456,375734531,375758489,375748721,375755255,375763967,375734597,375749843,
bfd.c:bfd_get_relocated_section_contents,7
375758918,375764363,375779675,375789476,375756839,375754859,375761393,
bfd.c:bfd_record_phdr,19
375746873,1127240620,375771920,375749249,375753704,375754826,1127264578,375761426,375762614,375752846,375753968,375755156,1127265469,375776936,375781292,375798716,1127330809,1127343877,375747599,
bfd.c:bfd_sprintf_vma,9
375747962,1127243887,375773009,375787397,375788321,1127364964,375761129,375764396,375774197,
bfd.c:bfd_fprintf_vma,9
3381731662,1555260395,1127319028,1127362192,3382094893,1556350088,1127283388,1127293189,1127322592,
bfd.c:bfd_alt_mach_code,17
375749909,1127249728,375774956,375750041,375754496,1127263489,375786077,375754628,1127263885,375786209,1127270518,1127264479,3381793438,375786407,375757037,375750767,375785615,
bfd.c:bfd_emul_get_maxpagesize,5
375759347,375763736,375772448,375757235,375796439,
bfd.c:bfd_emul_set_maxpagesize,1
375753176,
bfd.c:bfd_elf_set_pagesize,10
375760799,375769511,375758753,375782744,375794723,375761063,375752351,1127293090,375785054,375782909,
bfd.c:bfd_emul_get_commonpagesize,6
375761690,375766079,375774791,375760766,375758621,1810766376,
bfd.c:bfd_emul_set_commonpagesize,1
3381796408,
bfd.c:bfd_demangle,25
375771359,375761591,375768125,375761624,1127284873,375803006,375799739,375759743,375766277,375777167,375783701,1127283190,375767696,375756905,375776507,375763637,375761558,3381854620,375765023,375766409,375766640,375763406,375768950,375770138,375781061,
bfd.c:bfd_update_compression_header,41
375766673,375790631,375763472,1127290417,375788519,375767894,375797297,375757103,1127271310,375760469,375786605,1127359816,375770336,375773603,375783404,1127272201,3381816604,375757433,1127272300,3381816901,1127272399,3381817198,1555517003,375758060,375757763,1127273290,375757796,1127273389,375757829,1127273488,3381820465,1127273587,3381820762,1555527695,1127274181,1127284279,375787562,1127362687,1127284774,375780137,3381822544,
bfd.c:bfd_check_compression_header,27
375761723,1127285170,375786770,375766112,1127298337,375811850,375802148,1127406445,375771689,1127324869,375784757,375775055,1127325166,375775088,1127325265,375780566,1127341699,375775286,1127325859,375775319,1127325958,375780797,1127342392,375780863,375781985,375779873,375791885,
bfd.c:bfd_get_compression_header_size,14
375763307,1127289922,375788354,375772085,375773240,375779774,375775517,1127326552,375801653,375767993,1127303980,375799574,375802841,375812642,
bfd.c:bfd_convert_section_size,22
375764594,1127293783,375789641,1127303683,3381911050,375792941,375764759,1127294278,375796340,375799607,375768059,1127304178,375799640,375802907,375764792,375764924,1127294773,3381884320,375772679,375779213,375775022,375775154,
bfd.c:bfd_convert_section_contents,59
375766508,1127299525,375791555,375769808,1127309425,375794855,1127300020,3381900061,375798254,375801521,375769973,1127309920,375801554,375804821,375766706,375766838,1127300515,3381901546,375774626,375781160,375778058,375774890,375778322,375783866,1127351599,375783899,1127351698,375789377,1127368132,375771425,375782447,375784229,1127352688,375784262,1127352787,375789740,1127369221,1127314276,375768554,1127305663,375768587,1127305762,375768620,1127305861,375800630,375806075,375768785,1127306356,375768818,1127306455,375768851,1127306554,375768884,1127306653,375801818,375807263,375775715,375774659,375775847,
bfd.c:error_handler_internal,324
375730868,1127192605,3381577816,1554798857,369429276,1108287829,3324863488,1384655873,4153967620,375716183,375721628,375717338,375722783,375718526,375722981,375730604,1127148550,1127164885,375714665,375720110,375731000,1127193001,3381579004,1554802421,375750602,375758225,375724532,375718163,375710540,1127154490,1127131621,375714995,375720440,375719549,375724994,375735884,1127207653,3381622960,1554934289,375755486,375763109,375725060,1127191813,375715424,375738293,375721034,1127163103,3381489310,375713411,1554533339,368632722,1105898167,1127140234,375715721,375721166,375720176,375725621,375717107,375722552,375733442,1127200327,3381600982,1554868355,375753044,375760667,375730241,375728162,375712982,375735851,375718592,1127155777,3381467332,375710969,1554467405,368434920,1105304761,1127132908,375719780,375712157,375725291,375716579,1127159341,1127136472,375731330,375721661,375712949,375716546,375716678,375729515,375723509,375728954,375739844,375745289,375727040,375715127,375734729,3381445651,3381494656,375729878,375727766,375736478,375719054,1127186863,3381560590,1554747179,369274242,1107822727,3323468182,1380469955,4141409866,375726776,375729053,1127187160,3381561481,1554749852,369282261,1107846784,3323540353,1380686468,375726875,1127190724,3381572173,1554781928,369378489,1108135468,3324406405,1383284624,4149853873,375728063,375729251,1127187754,3381563263,1554755198,369298299,1107894898,3323684695,1381119494,375727073,375730439,1127191318,3381573955,1554787274,369394527,375728261,375729449,1127188348,3381565045,1554760544,369314337,1107943012,3323829037,1381552520,375727271,1127189635,375724268,375719978,375746114,1127182903,375745058,375727700,375729944,375707834,375713279,375709055,375714500,375710276,375706052,375714830,375722453,375713114,375710936,1127120137,3381409417,1127169142,3381507427,1554587690,368795775,375742649,375750272,1127149738,375710210,375702587,375715688,375713510,1127130631,1127107762,375707042,375712487,375711629,375717074,375727964,1127183893,3381551680,1554720449,375747566,375755189,375717140,375721595,375739019,375716150,1127138848,375713081,1127139244,3381417733,375705458,375718559,375716381,1554318608,367988529,1103965588,1127116375,375707768,375713213,375718757,3381449215,375712256,375717701,375709220,1127143996,375725555,1127176666,3381529999,1554655406,375745157,375752780,375722354,375719186,375736610,375713741,3381394864,375710672,1127132017,3381396052,375703049,1127148451,375713972,1554253565,367793400,1103380201,1127109148,375711860,375704237,375717371,375708659,375717833,1127135581,1127112712,375715787,375713609,375711464,375723476,375713774,375705062,375708758,375706613,1127119840,375708890,375705722,1127117167,375705821,1127117464,375706217,1127118652,375721991,375707867,1127123602,375710177,1127130532,375711563,1127134690,375716018,375721463,375729350,375743507,375717404,375721892,375718658,375716513,1127149540,1127224681,1127149639,3381448918,375742682,375723113,375743804,375719879,1127159638,1127143501,3381430504,375739547,375721067,1127163202,3381489607,1554534230,368635395,1105906186,3317718559,1363221086,375721100,375724400,375720077,375756047,375751757,375722420,375727865,375725852,375740009,375719351,375726017,375719483,375716249,1127148748,3381446245,375722849,375735917,375722882,1127260321,375707801,1127123404,375724367,1127123503,1127139838,375730076,375724664,
bfdio.c:_bfd_real_fopen,2
2675944701,2675953545,
bfdio.c:bfd_bread,27
2675958132,2675970111,2675948364,3732877797,2675947275,2675965854,2675962620,3732907101,3732943038,2675962785,2675974764,2675975919,3732960462,2675959650,2675966184,2675985786,2676002121,2675959815,2675983773,2675970738,2675955591,2675962125,2675960145,2675967768,2675955822,2675960211,3732913338,
bfdio.c:bfd_bwrite,17
2675959452,2675971431,2675949684,3732881757,2675948595,2675961696,3732911061,3732946998,2675956317,2675962851,2675961960,2675969583,2675957637,2675960937,3732915516,2675975127,2675956713,
bfdio.c:bfd_tell,14
2675960409,2675972388,2675950641,3732884628,2675949552,2675968131,2675964897,3732913932,3732949869,2675957373,2675963907,3732911655,2675967273,2675959683,
bfdio.c:bfd_flush,12
2675961003,2675972982,2675951235,3732886410,2675950146,2675963247,3732915714,3732951651,2675957868,2675964402,2675961234,2675968857,
bfdio.c:bfd_stat,13
2675961564,2675973543,2675951796,3732888093,2675950707,2675963808,3732917397,3732953334,2675958429,2675964963,2675964072,2675971695,2675959749,
bfdio.c:bfd_seek,25
2675962389,2675974368,2675952621,3732890568,2675951532,2608894523,2675966877,3732919872,3732955809,2675959353,2675965887,2675948760,3732878985,2675991396,2676017565,2676007764,2675965392,2675973015,2675961069,2675957934,2675964468,2675958198,2675961498,3732917199,2608817600,
bfdio.c:bfd_get_mtime,6
2675961267,2675954733,2675966745,2675978790,2675970177,2675963643,
bfdio.c:bfd_get_size,2
2675980275,2675964039,
bfdio.c:bfd_get_file_size,9
2675963610,2675975589,2675961465,3732917100,2608816709,2675962587,3732920466,3732973530,3732924822,
bfdio.c:bfd_mmap,13
2675967801,2675979780,2675958033,3732906804,2675956944,2675975523,2675972289,3732936108,3732972045,2675964765,2675971299,2675968230,2675975853,
bfdio.c:memory_bread,12
2675994762,2675965425,2675986116,2675978493,2675968758,2676000339,2675974203,2675965590,2675979747,2675974401,2675990736,2675982024,
bfdio.c:memory_bwrite,20
2676019281,2675965986,2675987766,2675980143,2675977008,2675979219,2675970507,2675972784,2676014232,3732941454,2675973972,2675971860,2675977404,2675969781,2675973081,2675988327,2675980704,2675969913,2675986248,2675977536,
bfdio.c:memory_btell,1
2675970144,
bfdio.c:memory_bseek,25
2675996577,2675971596,2675974962,2675968494,2675974005,2675967504,2675992683,2675985060,2675972058,2675982948,2675967735,2675978625,2675975490,2675968989,2675971266,2676020337,2675975688,2675980077,3732930663,2675970375,3732963729,2675984631,2675979351,2675971728,2675965227,
bfdio.c:memory_bclose,5
2676022218,2675967834,2675975457,2675972223,2675974467,
bfdio.c:memory_bstat,3
2676022845,2675984829,2675977206,
cache.c:bfd_cache_init,20
762860143,2288580430,762864532,762876511,762871132,762873409,762852421,762868756,762868822,762871165,762868987,762871198,762888622,762869020,762879943,762859285,2714198135,762864796,762860407,2288581222,
cache.c:bfd_cache_max_open,9
762850639,762866974,762891625,762856810,762866611,762857932,762874597,762868063,762855094,
cache.c:close_one,30
762854434,762870769,762870901,233684994,762864400,2288557264,762867766,762864499,1648856339,2288593201,2570704497,762863674,762907432,762867139,762878689,762889579,762884662,762855259,762875950,762855292,762875983,762861859,762858592,762878260,762869548,762863047,762864169,762865951,762849649,2288548948,
cache.c:bfd_cache_close,20
762872056,762878590,762872155,762881956,2288636068,2288668738,2288653987,2288565778,2288627851,2288565877,2288627950,2288585578,2288575777,2288634781,2288608645,2288589142,2288592508,2288597854,2570679549,3417071352,
cache.c:bfd_cache_close_all,5
762869812,762886147,762890536,2288609437,2288658442,
cache.c:bfd_open_file,28
762880405,2288641216,762867403,762879382,762874003,762878491,762863245,762911293,762884068,762872221,762908224,762880999,762885388,762910468,762883243,2526762343,762883045,762898291,762909181,762917893,762896146,762909280,762882055,762885355,2288656066,762885520,762875851,762889051,
cache.c:cache_bread,13
762859384,2288578153,2570767164,3417334197,762861595,762869416,762876148,762908917,762865291,762878359,2288613397,762892912,2288608249,
cache.c:cache_bwrite,7
762867238,2288601715,2570837850,3417546255,762862948,762868492,762881560,
cache.c:cache_btell,6
762863839,2288591518,2570807259,3417454482,762859516,762869350,
cache.c:cache_bseek,6
762864136,2288592409,2570809932,3417462501,1662452912,762859813,
cache.c:cache_bflush,6
762867997,2288603992,2570844681,3417566748,762863707,762865984,
cache.c:cache_bstat,6
762868459,2288605378,2570848839,3417579222,2570810229,762866446,
cache.c:cache_bmmap,17
762870274,762895321,762867337,2288602012,2570838741,3417548928,2570858640,762867469,762880537,2288612308,762887203,762869878,762872089,2570872896,762870076,762894067,2288642998,
cache.c:bfd_cache_lookup_worker,43
762863608,762888655,762862618,2288623792,762860473,2288581420,2570776965,762862750,762872551,762869383,762866116,2570994666,2570730039,2570916258,2570730336,2570916555,2570789439,2570760036,2570937048,3417608625,2570800131,3417463392,3417146196,2288606269,2288606467,2288613496,2288606962,2288613595,2288665867,2288607061,2288639830,2288577856,564817170,2288594389,762880438,762862024,762879547,2570861016,762892714,762867700,762886213,762865555,762878722,
format.c:bfd_check_format_matches,200
3212798193,3212775423,3212774367,3212766810,1048365839,3145097518,845357963,3212791890,3212799513,3212772486,3212780109,3212777964,3212785587,3212788920,3212787831,3212812878,3212807565,3212771694,3212776215,1048394054,3212781693,3212779548,3212767668,3212814561,3212780901,1048408112,3145224337,845738420,3212771166,3212779284,3212809776,3212781858,3212778657,3212799348,3212808060,763725192,3212772288,3212781000,3212776677,3212770143,3212798457,3212807169,3212776083,3212776116,3212771793,1048380788,3145182163,3212782419,3212780241,3212816244,3212776248,1048394153,3145182460,845612789,3212773014,3212770011,3212778723,3212787468,2863755828,3212779977,3212787600,3212778525,3212776809,3212784432,3212774664,1048389401,3212788854,3212783574,3212780307,3212765193,3212796774,3212791428,3212791593,3212794167,3212790900,3212783310,3212802978,3212765952,3212800800,3212790603,3212775357,3212788458,3212779746,3212784135,1048391678,3212787435,1048401578,3212792946,3212784234,3212783178,1048408409,3212776710,3212787633,3212778921,3212781132,3212772618,3212798853,1048463453,1048489589,3212782650,3212783838,3212790537,3212787270,1048382273,3212806047,3212788689,3212784597,3212808621,3212794530,3212805420,3212775093,1048390688,3212795784,1048416923,3212800173,3212780505,1048448999,1048481669,3212772321,3212806080,3212825682,3212783409,1048415636,3212786709,3212803044,3212787699,3212782683,3212790306,3212789613,3212776545,3212789646,3212776578,3212785323,3212772255,1048382174,3212788656,3212775588,1048447910,3212781099,3212789844,3212776776,3212788788,3212775720,3212791098,3212778063,3212786049,3212785026,3212789514,1048393658,1048393757,3145142365,845492504,845611898,3212817927,1048418111,3145254334,845828411,2537485234,3212770110,3212784564,3212795454,3212793309,1048445336,3212778129,3212787072,3212786148,3212788359,1048430486,3212778591,1048430783,3212796081,1048434248,1048395044,1048434347,1048395143,1048421378,3145146523,845504978,1048431377,1048392173,3145343731,1048408706,1048434941,1048395737,1048431773,1048392569,1048438703,1048399598,3212782122,3212784333,1048418408,1048422170,3212774730,3212806311,3212797698,3212792319,1048442366,3212824989,3212822844,1048458503,
format.c:bfd_set_format,18
3212775687,1048392470,3145177411,845597642,3212801856,3212809479,3212782452,3212790075,3212787930,3212795553,3212785851,1048422962,3212777205,1048397024,3145191073,845638628,3212790339,1048436426,
format.c:bfd_format_string,5
3212792187,3212795487,3212772717,1048383560,3145150681,
opncls.c:_bfd_new_bfd,15
701775147,701769801,2105309404,701781846,2105345539,701779668,701769900,2105309701,701795046,2105385139,701777622,701779866,701784255,701783397,701771484,
opncls.c:_bfd_new_bfd_contained_in,18
701776500,701787456,701778744,701788578,2105339599,701777721,2105352766,701794089,701785377,701785410,701784354,2105353063,701800722,701792010,701794221,701785509,701793165,701784453,
opncls.c:_bfd_free_cached_info,4
701778777,701772243,701816991,701790987,
opncls.c:bfd_fopen,25
701779701,701781945,701786499,701782209,701778084,1631318953,701791317,701787324,701776566,701785278,701796168,701804880,701815770,701824482,2105336332,701787489,701781021,701789733,3711377765,1975791162,701777919,701791152,2105373457,702018951,2106056854,
opncls.c:_bfd_delete_bfd,7
701778216,701771682,701816430,701778414,701771880,701792604,701780658,
opncls.c:bfd_fdopenr,3
701787588,701790921,701785575,
opncls.c:bfd_openstreamr,7
701785872,701792538,701792736,701792835,701793957,2105381872,701783133,
opncls.c:bfd_openr_iovec,13
701792373,701799039,701799303,701800425,2105401276,701795112,701800590,701796432,701795376,701795409,701794353,701796597,701799897,
opncls.c:bfd_zalloc,1
2105401771,
opncls.c:bfd_openw,6
701794584,701801250,701801514,701802636,2105407909,701812503,
opncls.c:bfd_close,9
701791680,2105375041,2021157828,1768506189,701798280,2105394841,2021217228,1768684389,1011085872,
opncls.c:bfd_close_all_done,16
2021188122,1768597071,1010823918,701801679,701809302,701824548,701796696,701807586,701801085,701831577,701807751,701825175,701790459,2105371378,2105404543,701796135,
opncls.c:bfd_create,7
701799468,701806134,701794188,701813823,701804022,701807322,2105421967,
opncls.c:bfd_make_writable,9
701801712,701812602,701799765,701807454,701804352,701804385,701805507,701808807,701804484,
opncls.c:bfd_make_readable,23
701803131,701814021,701846691,701853225,701798973,2105396920,2021223465,1768703100,1011142005,701799072,2105397217,2021224356,701810061,701805771,701806893,701811282,701806959,701814681,701810556,701809500,701809533,701811744,701810688,
opncls.c:bfd_alloc,13
701828145,701801118,2105403355,2021242770,1768761015,1011315750,3033947251,511907162,1535721487,312197166,936591499,2809774498,701803329,
opncls.c:bfd_alloc2,3
701815968,701808378,2105428501,
opncls.c:bfd_zalloc2,4
701817651,2105430184,701811183,2105405038,
opncls.c:bfd_release,1
701848869,
opncls.c:bfd_calc_gnu_debuglink_crc32,6
701817321,701829300,701830422,701809731,2105429194,2105487901,
opncls.c:bfd_get_debug_link_info_1,17
701802339,701802372,701812305,701810226,2105437510,701825571,701808246,701811579,701821380,701808345,701820489,701823888,701813097,2105439292,2021350581,1769084448,701810919,
opncls.c:bfd_get_alt_debug_link_info,19
701805276,701805309,701805342,701815275,701813196,701815407,701828475,701811150,701814483,701824284,701811249,701823393,701829993,701826726,701820291,701820324,701830158,701839959,701859561,
opncls.c:find_separate_debug_file,54
701810259,701837517,701821314,701831115,2105461468,701815143,701823855,701815374,701845932,701865534,701814384,2105443153,2021362164,1769119197,1012390296,3037170889,521578076,1564734229,2105596603,701824317,701836461,701815803,1177008145,701843391,701869560,701818410,2105455231,2021398398,1769227899,1012716402,2105608681,701811942,701838078,701831907,701827881,701817420,701817585,701817816,701818080,701830356,3038149207,524513030,701849991,701818443,701832600,701813031,2105439094,701830620,701838243,2105514730,701869824,701813229,2105439688,701818806,
opncls.c:separate_debug_file_exists,13
701807223,701807256,701813856,701813955,701867415,2105451964,2021496408,2105491267,2021320287,1768993566,1769521929,2105602246,701819664,
opncls.c:get_alt_debug_link_info_shim,2
701827155,701822898,
opncls.c:separate_alt_debug_file_exists,2
2105425036,701814978,
opncls.c:bfd_create_gnu_debuglink_section,6
701828244,701850024,701823129,701828871,701825934,701843028,
opncls.c:bfd_fill_in_gnu_debuglink_section,18
701830719,701848143,701869923,701833326,701884740,2021388597,1013598492,2021506506,1012013403,3036040210,3040795477,2105654221,701836230,701840850,701822403,2105467210,2021434335,701829003,
opncls.c:get_build_id_name,16
701837022,701855535,701865336,701891472,701841609,701885301,701837418,701843094,701867151,701830125,701833425,701828013,701869428,701832402,2105484040,2105530174,
opncls.c:check_build_id_file,12
701829102,701829135,701839035,701835900,701843754,701847219,701850552,701875599,701855997,701895234,701835339,701901768,
opncls.c:opncls_bread,7
701828838,701804913,701825604,701853918,701790822,701791977,2105375932,
opncls.c:opncls_btell,2
701828178,701792274,
opncls.c:opncls_bseek,5
701828409,701779437,701809995,701810028,2105430085,
opncls.c:opncls_bclose,6
701829498,2021146839,701796993,701799204,701819895,701797059,
opncls.c:opncls_bstat,5
2105490475,701791053,701796498,701795508,701815110,
opncls.c:get_build_id,45
701823756,701834712,2105484535,701854314,701865204,701870649,701866359,701833788,701831808,701834052,701829894,701833227,2105529085,2105489980,2105497207,701834613,701835801,701857713,701839233,2105517700,701841444,2105524333,701841510,2105524531,701862234,701860056,701843820,701844942,701847153,701833029,2105499088,2021529969,1769622612,1013900541,3041701624,535170281,1605510844,2105541658,701838540,701836428,701839893,701836692,701842269,701842335,701832567,
ar.c:main,342
1290483127,1829622052,852654947,852652769,852669170,852670325,852643265,852654155,852676001,852662999,852643430,852697880,598426561,852656762,852656960,852654782,852668972,2558006917,3379053456,852648281,2557970881,2557964347,852645080,2557935241,3378838428,852645113,2557935340,852644090,2557932271,852656102,852662636,852711146,852640427,2558133439,852652505,852660227,852648380,3379433022,852651878,852662966,852646928,852641582,2557924747,852641681,2557925044,852639998,852655244,852653099,852650558,852656069,3720285883,852669236,2558007709,2557968208,852670391,2558011174,852695669,852670721,852674219,852671018,852691808,852690785,852672305,852671381,2558014144,852669335,2558008006,852680258,2558040775,852665078,2557995235,852671678,3378937329,852644189,852649634,852664979,852671513,852639800,852647423,2557942270,852659402,852645608,852645641,852667553,852644816,852642638,852650393,852658016,852635147,852645014,852642836,852639602,2557974049,2557905442,852653924,852646301,2557919401,852637622,2557938904,852640922,852658643,852635840,852644849,852655739,852636302,852644024,852651746,852664847,2557955635,2557994938,852652010,852652109,852665210,852652241,852665342,852652373,852652472,852656993,852658181,852659369,852656201,852655211,852655310,852654320,852651152,852651251,852651350,852651449,937007321,1695441566,3445641599,303142220,3519146389,852658577,852658676,852660986,852645971,852643793,2557975930,852649535,3378829518,852645377,852644354,2557933063,852644453,2557933360,958984567,852644618,2557919995,2557965733,2557959298,852653792,852634190,852649370,2557948111,852666794,852649667,852660557,852681248,2558043745,852650789,852650855,852661745,852673724,852684614,852645443,852658511,852661811,2557985434,852649898,852660788,852649997,2557949992,852665243,852676133,852650096,2557950289,2557996027,852680588,852650195,2557950586,852665441,852680687,3378792690,3378929904,3378910599,2557951180,852659105,852653726,2557961179,852651548,852655937,40196646,852650624,3378859515,852658313,852673559,852684449,852647489,2557942468,3378860109,852664913,852674780,2558024341,3379105728,852666068,852670457,852666233,2557998700,3379028805,852668444,852669632,2558008897,3379059396,852701213,1547243597,346763496,1040290489,2558103640,852668642,852676265,852681710,852652406,852680720,852651383,852662273,852677519,2558032558,852655838,852647126,852648710,852664715,852683228,852667157,2558001472,3379037121,852675935,2558027806,852671612,852669665,852662042,852663197,2557989592,3379001481,852695900,922059332,852660095,852679697,852676430,852664748,2557994245,852663725,852683360,852704051,852679004,852682436,2558008996,2557986127,852667289,2558001868,852700058,2557994146,2558049685,852663230,852678575,852664055,852651185,2557953556,852653429,852666992,2557978108,852671447,852663824,852681314,852665012,2557995037,852690092,2558100175,852683723,852677321,852677354,852693722,852669830,2558009491,852681842,852684185,2558014342,2557991473,852708242,852732200,2558000977,3378967029,852661151,852664649,852667916,852680984,852679928,852690818,852687056,852683789,852669797,852662174,852677486,852671084,2558013253,852703787,852676595,852688574,852667949,2558003848,852678971,852705107,3379055832,852675770,852679070,852672635,2558017906,852711839,852680357,852679334,852698936,852689135,852678410,852699134,852671942,852680654,2558005927,852686198,852702533,852682931,2558009392,2557986523,852700784,852718208,852665969,4060288319,3379075137,2558061169,2558051368,852667322,852682667,3379015440,
ar.c:remove_output,9
852633761,3378893373,852638183,852650162,2557940785,852638249,852651317,852637193,2557967218,
ar.c:usage,5
852629240,3929143309,852653264,852676232,852652802,
ar.c:ranlib_only,3
852694910,852676463,852673262,
ar.c:open_inarch,52
852649304,852656927,3378925746,852683162,852654122,852660656,852655343,2557966030,852656498,852673922,852654584,852662207,852679631,852672140,2557967515,852655904,2557967812,3378936141,852653759,852689894,852660524,852652934,852652967,2557985236,3378988413,852668411,852685934,852656564,852653495,852674285,2558019787,1546842647,2557958308,852663659,852678905,852689795,852700718,1426357417,852675803,3379163940,1547557229,852648677,1833002844,852683624,852686891,2558060674,852648875,852648017,852663428,2557944052,852659171,852671183,
ar.c:map_over_members,34
852632474,3891063046,852626006,2944613319,2557878019,2046903796,852622112,2557935043,1687376157,2557866337,852636368,3470692242,852626732,852634685,852628151,852642407,852638084,852628448,2557885345,852633959,2557901878,852638513,852633101,2557899304,366088926,852625610,852645212,852641945,1105583295,2557880197,852649865,852632837,852675308,2557909105,
ar.c:print_descr,3
2558058595,852701444,852711245,
ar.c:print_contents,17
1546797206,345424323,852686858,852693458,852653231,2557959694,852675044,852661019,852665408,852665573,852664616,852656003,2557968010,852701906,852710618,852682337,2557996225,
ar.c:extract_file,42
852682172,852657125,852651779,2557965634,3378929607,852688970,852695570,852662933,852655376,2557966129,852675011,2557983058,852675275,852673097,852674252,852668840,852661283,852669038,852662702,1547030648,852653132,2557959397,852664121,852675110,852672932,852674087,852668675,852661118,852668873,852709364,852672371,852701774,852670226,2557998205,2558011372,852660722,852692303,852657521,2557972564,852678344,852671810,3379059693,
ar.c:ranlib_usage,4
852631451,3955706018,852679466,852654023,
ar.c:normalize,14
3319862563,852632771,1242222553,852632969,3378807837,852664583,852671117,852655871,2557990978,852670193,852662603,852669137,852633233,852665903,
ar.c:write_archive,31
2558052556,852694052,852673394,852668048,852671414,852684548,2558053645,852663923,852666200,852674021,852671843,2558015530,2364685645,852658841,852672041,2558016124,852659072,2557977217,852669995,2558009986,3361718274,852678773,852682040,2558046121,852686429,2558059288,852660359,852660458,852667091,852672569,852699959,
ar.c:get_pos_bfd,20
2557980682,852668939,852671348,852675737,852669302,852668279,2557981969,852671579,2558004838,3378978612,2558005333,852660821,852659765,2557979296,852715304,852672899,852677288,852696758,3379048704,2557982464,
arparse.c:yyparse,120
2624127315,2624126259,2624126655,2624128899,2624148501,2624140779,2624140878,2624148699,2624133486,2624127051,2624138007,2624139294,2624154738,2624139327,2624134245,2624128173,3577417224,2624126028,2624126226,2624133849,2624133948,2624126424,2624134047,2624134113,2624137545,3577445340,2142401429,2132236992,2101743681,2624131242,2624146488,2624156289,3577501572,2624170446,2624129130,3577420095,2624131341,3577414650,2624130813,2624135301,3577438608,2624132397,2624141373,2624148996,2624130186,3577423263,2624132727,3577430886,2624133057,3577431876,2624124477,2624148765,2624111739,2624111904,2624111145,2624111277,2624109660,2624109825,2624113290,2624130714,2624116689,2624136291,2624154804,2624118009,2624119296,2624110848,2624096691,2624109792,2624096724,2624103753,2624102664,2624100486,2624129592,3577421481,2624141703,2624136456,3577442073,3577455339,2142431426,2624170281,2624136555,2624160513,2624174670,3577556715,2624196450,2624193183,2624143122,3577462071,2624143188,3577462269,2624174043,3577554834,2624136027,2624135004,3577437717,3577479000,2624149359,2624140812,2624148435,2624145267,2624152890,2142502409,2624143485,2624144541,3577466328,2624149029,2624164275,2624192589,2624146455,3577472070,2624149326,2624149557,2132539932,2624140020,2624147643,2624151042,3577485831,2624150217,3577483356,2624146092,
arsup.c:ar_directory,10
949419327,949428105,949432494,949427115,949424937,949426059,949428402,949426224,949419888,949425366,
arsup.c:map_over_list,19
949422924,949431768,949430712,949428600,2848292137,2465449508,949415070,949430382,949440183,949419525,2848258576,949464174,1775371074,2848245211,949421934,949427412,949476417,949454109,949418172,
arsup.c:ar_directory_doer,2
949434276,949450611,
arsup.c:prompt,3
949420185,2848260556,949428996,
arsup.c:maybequit,2
949422693,2848268080,
arsup.c:ar_open,26
949427379,949422099,949422165,949430943,949423386,4249836945,4159576244,949426851,949423848,949432626,949425036,3888794141,3076447832,949424112,949432890,949425333,639408905,1918226716,949427676,949419063,949428930,2848257190,949440018,949422660,949440084,949446651,
arsup.c:ar_addlib,7
949423287,949428732,949433154,949489782,1459712853,84171264,949433418,
arsup.c:ar_addlib_doer,7
2848285207,949450215,949441503,949441569,949448103,949439391,949439424,
arsup.c:ar_addmod,20
2848275109,4249858032,949433814,949480641,252513793,757541380,949424178,949447212,949426653,949435431,949427841,949449621,2272624141,2522905128,949448697,949455231,949446519,949446552,949435728,2848272535,
arsup.c:ar_clear,4
949425135,2848275406,949422990,949443681,
arsup.c:ar_delete,25
949426455,2848279366,949435233,949482060,3273748089,1231309676,949425597,949437675,3361600939,949422561,949431339,2848294018,949478166,949441206,949430316,2489628577,2848267684,949428435,949437213,949429623,949451403,3693929029,2491852496,949437378,2848276792,
arsup.c:ar_save,16
2848283524,4249883277,949436619,949483446,3180590193,951835988,949456386,2848369159,949431405,2848339954,949429260,949442328,2848326985,949439127,949454439,949432692,
arsup.c:ar_replace,39
2848285801,4249890108,2848312135,949484205,2855507965,4271556600,949427742,949439820,3257638811,949424706,949433484,2848300453,949481400,949457541,949431471,949440249,949432659,2848363318,4224735209,4084271036,949437180,949462260,949451370,1543440205,2848274119,949431042,949461600,949439886,949432296,949454076,949435596,949436751,949429161,949450941,3662878517,2398700960,2848294414,949440282,2848283227,
arsup.c:ar_list,18
949430778,2848292335,949439556,949486383,2901135585,113472164,949440876,949438698,949438731,949476879,2848430638,949443186,1932696193,2848300255,2848302829,2848351834,204541799,4249933470,
arsup.c:ar_end,5
949430448,2848291345,949449027,949439259,2848317778,
arsup.c:ar_extract,23
949431867,2848295602,949440645,949479849,340416493,1021249480,949431009,949443087,1805064377,949435563,949446453,949436718,2848310155,949484634,1096122028,2848306690,949433748,949451238,949442559,949434969,949456749,949442691,2848293028,
binemul.c:ar_emul_usage,3
2628367594,2628345814,2628365449,
binemul.c:ar_emul_append,3
2628368122,2628346342,2628373600,
binemul.c:do_ar_emul_append,12
2628347002,2628358981,2628347167,2628356011,2628372445,3590074206,2628348718,2628343372,3590062821,2628369574,2628367396,2628355450,
binemul.c:ar_emul_default_append,1
2628343900,
binemul.c:ar_emul_replace,3
2628370300,2628348520,2628375778,
binemul.c:ar_emul_default_replace,5
2628344626,2628344692,2628370894,2628368716,2628356770,
binemul.c:ar_emul_parse_arg,3
2628371191,2628349411,2628376669,
bucomm.c:bfd_nonfatal,6
2010369081,2010364758,2010372414,2010398550,2010372480,2010394260,
bucomm.c:bfd_nonfatal_message,14
2010370071,2010371259,2010386505,2010365880,2010371391,2010370368,2010376935,2010366111,2010373767,2010373833,2010366276,2010376143,2010377265,2010371886,
bucomm.c:bfd_get_archive_filename,21
2010379641,2010390597,2010402576,2010387363,1736194794,913617087,2010399441,1736231028,2010394029,2010394062,2010391884,2010388683,1736198754,2010385449,2010389838,2010388782,2010389937,2010406272,1736251521,2010382347,1846872495,
bucomm.c:report,5
1736146482,2010372381,2010389805,2010373503,2010362646,
bucomm.c:non_fatal,5
913472151,1736149848,1736202120,1736153214,1736120643,
bucomm.c:set_default_bfd_target,1
2010370401,
bucomm.c:list_matching_formats,10
2010372975,2010374097,2010413301,2010371952,2010364329,2010376341,2010392676,1736148561,1736125692,2010378552,
bucomm.c:list_supported_targets,7
2010374559,2010378024,2010393270,2010387858,1736166777,913533036,1736212515,
bucomm.c:list_supported_architectures,6
2010375219,2010408054,2010365583,2010388485,1736256867,1736129454,
bucomm.c:display_info,54
2010384063,2010383238,2010381093,2010382380,2740599109,2010384294,2010413565,2010384492,1736179845,2010414060,2010406437,2010390069,2010382446,2010397758,2010409737,1736261916,2010384723,1736202912,1736180043,2010382941,2010393864,2010408021,1736256768,1736181528,2010385383,1736188854,2010377364,2010437259,913599267,2010418680,1736164797,1736344482,2010384426,2010378981,1736169648,913541649,2740624948,2010382281,1736215485,913679160,2010400794,2010394359,2010406338,1736251719,2010371523,2740797802,1736147274,1736186874,3927426111,3192343742,1736288745,1736274885,1736252016,2010384657,
bucomm.c:print_arelt_descr,24
2010377430,2010381852,1736178261,2010415611,2010393963,2010381984,2010393039,2010393237,2010387825,2010386769,2010389046,913818453,2010396834,2010378387,2010382809,1736181132,2010422013,2010415479,2010431847,2010389409,1736200932,2010428613,2010422079,2010431913,
bucomm.c:make_tempname,5
2010386043,2010379938,2010396273,913670250,2010384195,
bucomm.c:make_tempdir,4
1736190834,1736172519,1736221524,2741010751,
bucomm.c:parse_vma,3
2010383502,2010382413,1736196279,
bucomm.c:get_file_size,12
2010393798,2010412410,2010387429,1736214594,2010404985,2010388716,1736198853,2010390960,1736205585,2010397560,913787268,2010397692,
bucomm.c:is_valid_archive_path,36
2010384954,1736187567,913595406,2740786219,3927391362,3192239495,986783894,2960351683,2010388320,2010380697,2010389475,2010392742,2010403632,2010409077,2010424323,1736305674,2010433035,1736331810,914028135,2742084406,2010392841,1736211228,2010401553,1736237364,913744797,2741234392,913666389,2740999168,2010392907,1736211426,913666983,2741000950,1736197665,1736174796,3928035555,3194172074,
bucomm.c:do_display_target,43
2010381324,1736176677,2010379212,2010385746,2010396702,2010403236,2010423927,2010405480,2010384789,2010413136,2010403335,2010385944,2010414324,2010375120,2010388188,2010367497,2010405612,2010419835,2010391554,1736130345,913423740,2010391587,2740271221,3925846368,2010394920,2010412344,2010377529,2010395019,2010386340,2010378783,2010395184,2010390894,2010383304,2010371589,1736147472,913475121,2010379311,2010392379,2010371688,1736147769,2010438117,2010408582,2010383865,
rename.c:set_times,6
3848943430,3848931451,3848944552,3848932573,3848931088,3848991016,
rename.c:smart_rename,30
3848946004,3848930329,2956856396,3848924917,2956840160,3848928217,3848936929,3848927161,3848936962,3848933827,3848940889,3848945278,3848956168,3848964880,3848935510,3848993425,3848928745,3848926798,3848930131,3848928019,3848969500,3848953231,2956846892,3848925082,2956973909,3848926303,3848928580,3848928646,3848994778,3848930593,
ldmain.c:main,273
2408529939,657867344,394839553,394837375,394840873,394854040,394853116,394852126,394852291,394858825,394851169,394842490,1184527471,3553582414,2070812651,394847968,1184553508,394841500,394840708,1184522125,3553566376,2070764537,394871200,394879912,394835956,394828366,1184485099,394858891,394844734,394828432,1184485297,394862257,394851367,394855822,394828630,1184485891,3553457674,2070438431,1916347998,1454076699,67262802,201788407,605365222,1816095667,394830841,394850443,1184551330,1184492524,394876579,394849453,394830049,394853347,394850113,394849057,394848001,394850212,394853512,394849189,394877536,394854733,394862389,394865689,394873543,394837606,394862719,394847704,394854271,394852192,394848991,394861003,394862125,394857802,394857835,1184560537,394848232,394855987,394862521,1184556379,394852225,394845757,1184537272,3553611817,2070900860,394842556,1184527669,394854535,1184547568,394852522,1184557567,394848364,1184545093,394877767,394844041,1184532124,394873444,394844074,1184532223,394873477,394844107,1184532322,394873510,394844140,1184532421,1184620630,394844173,1184532520,394874665,394844206,1184532619,394876876,394844239,1184532718,394876909,394844272,1184532817,394874764,394844305,1184532916,394876975,394844338,1184533015,394877008,394849024,1184547073,394877338,394858033,1184556676,394869121,394875655,394842985,394848562,394839883,394846417,394838860,394856284,394866118,394831633,394853413,394849090,394865425,394874203,394845922,394831963,394853743,394836484,1184509453,394840972,394846516,394844404,394832524,1184497573,394836946,1184510839,394837144,1184511433,394838431,394874401,394898359,394834174,394841797,1184623204,1184695078,394838629,394847770,394833613,394838002,1184514007,394867438,394867504,3708374603,1184543905,394833811,394834108,1184518660,394848265,1184544796,394845097,394834207,1184633302,3553899907,394835395,1184506186,394838728,1184516185,394873576,394859419,394834537,1184503612,394842325,394834702,394839124,1184517373,3553552120,2070721769,394876150,3553660525,1184546974,394866547,394849123,3553681612,394843843,394860277,1184580832,394835461,1184506384,3553597858,394863808,1184591425,3553598452,394863874,1184591623,394847605,394863940,394846582,394866184,1184598553,394850971,394867306,394841203,394860805,1184582416,394843546,1184560042,394850146,394835989,394855624,1184596276,1402520855,394836055,394853479,394850278,394836121,394845361,394837738,394867141,1184601424,394841071,1184523214,394838959,394865326,394842457,394895851,394842655,1184527966,394851400,394837243,394853644,394842820,394855921,394873345,394842853,394894036,394851598,394869022,394838530,394889713,394858429,1184516581,394853050,394844437,394841236,394844536,394882750,394845856,1184648251,394858000,394846351,3553548556,394847572,394848694,394841104,394847671,394852159,
ldmain.c:ld_bfd_assert_handler,2
394847308,394824472,
ldmain.c:ld_bfd_error_handler,4
3553510837,394826914,394849816,394824802,
ldmain.c:ld_cleanup,5
394826287,1184478862,394846978,1184540935,1184537767,
ldmain.c:add_ysym,6
1184562121,394867108,394837804,394848727,394872916,394906675,
ldmain.c:add_ignoresym,6
1184550835,394863346,394863412,394849288,1184607364,394902880,
ldmain.c:add_wrap,6
394855261,394866151,394839025,394849948,394874137,394905718,
ldmain.c:add_keepsyms_file,32
394856086,394862620,394850773,394862983,394846714,394851334,394853578,1184560735,394845955,3553682206,2071112027,1184537866,394852588,394851631,1184554894,3553664683,394870144,394847341,394857142,394856119,2071059458,1918211079,1459665942,394843315,1184559349,394877140,394907632,1184554003,394857703,394864237,394860013,1184580040,
ldmain.c:add_archive_element,74
394863973,394869451,394860739,1184601919,394859716,394859782,394872850,394855459,394883773,394868527,394859848,394858990,394848100,394866745,1184557765,394849387,1184548162,394853875,1184561626,394872487,1184617462,1184624293,3553872880,394864996,394855195,394856515,394866316,394883971,394855690,394855723,3553642705,394849222,1184547667,394878658,394855855,394858165,394846186,394868230,394878031,394870573,394866349,394869616,394879417,1092148561,1184563606,2158829092,394861267,394873246,394850410,1184551231,3553653694,394861366,394862488,394865887,1184597662,394847407,394863775,1184591326,394858363,394859584,394863016,394861036,394855657,1184622610,394851499,1184554498,394854799,394867867,1184567764,3553703293,394872256,1184616769,3553850308,2071616333,
ldmain.c:multiple_definition,29
394858759,3553670029,394859947,3553631716,394869847,394869880,394879714,394861630,394856218,394856251,394861729,394860904,394854370,394865293,394881628,394856614,394854469,1184563408,1184583109,394877371,1184576674,1184573506,3553720519,394865557,394859056,394859353,3553686364,2071124501,394854139,
ldmain.c:multiple_common,28
394863544,2071175288,394866910,394862587,394861531,394870309,1184620729,394883377,394871431,3553804273,394862818,394872685,394882486,394862191,394865491,394865524,394865623,394868065,394863742,3553773979,1184568655,394866052,394856581,1184602513,394863214,394873312,394863577,1184591821,
ldmain.c:add_to_set,10
394865755,394858132,394864732,394866976,1184578060,394861696,2071478228,394867207,1184601622,394875952,
ldmain.c:constructor_callback,23
394866943,394859320,394868131,394860508,394891165,394921657,1184591920,3553775761,394908655,1184579347,3553738042,394897897,394865260,1184595781,394863082,1184579545,394890505,394862224,394863379,394868824,394868890,1184606671,394877635,
ldmain.c:warning_callback,28
394870606,1184588950,394865194,394914199,394870738,394872982,394875226,1184586673,394869946,394872157,394871101,394875490,1184619937,1184613601,394868758,1429708563,394862356,394863478,3553760020,1184609839,1184616472,1184613304,1184626471,3553859812,3553840804,394875457,2090587772,1184587069,
ldmain.c:undefined_symbol,33
394871233,394884301,394893046,394928983,394872454,394864831,394865095,394877074,394868395,1184605186,394896709,3553766851,2071365962,394878328,394869649,1184644885,394866415,1184632015,394874170,1184609641,394882948,394866679,394875622,394888690,1184600929,394875919,394870639,394883707,1184602315,394876381,394889449,394867735,394876678,
ldmain.c:reloc_overflow,22
1184603206,394891693,394867900,394891858,394894069,1184682208,394897336,1184604394,394883443,394888888,394879120,394884565,394883509,394884631,394868296,394891363,394891561,394879615,394888360,394902550,968639196,394876744,
ldmain.c:notice,15
394872949,394889350,394875193,394898062,394915486,394882981,394877569,394890637,394899382,394935319,3553879414,394885489,394871332,394894201,394911625,
ldmain.c:warning_find_reloc,26
394869583,394863049,394871893,394871959,394923274,394873213,394868989,1184607067,1184639737,394883179,394877800,1184613997,394884400,394868098,1184591227,394881166,2071387346,1919194743,1462616934,92883507,278650522,394926937,394903078,394867174,394873741,3553821202,
argv.c:dupargv,16
1738619252,1738625918,1738637897,920910459,2762731378,920946396,1738626050,1738638029,1738635884,1738611926,1738623905,920910855,2762732566,920946792,1738609781,1738621760,
argv.c:freeargv,6
1738622453,1738636676,1738643210,1738618229,920942733,920962335,
argv.c:buildargv,61
1738624004,1738618526,920888283,2762664850,1738610903,3993027255,3389147174,1577506931,920865414,1738628690,1738645025,1738628789,1738619351,1738631330,1738622750,1738630373,920904420,2762713261,3993172488,3389582873,1738646774,1738658753,1738670732,1738620836,1738630736,1738628558,1738626446,1738634069,1738626578,1738625555,1738633178,1738627931,1738625753,1738626941,3993226839,1738633541,1738628294,1738626116,1738626281,1738633904,1738631858,1738639481,920919072,1738626611,920900955,920923824,920900064,1738617041,1738629020,1738617107,1738629086,437553498,1312660495,3937981486,2762596243,3224009867,1082095010,3246285031,3992821434,1738628129,1738635752,
argv.c:writeargv,20
1738623476,1738624664,1738631198,1738641065,1738629152,1738634597,920939961,2762771473,3993347124,3390106781,1738647797,1738661954,1738676111,1738636940,1738634960,920920161,920936496,1738630868,920906697,920926299,
argv.c:expandargv,61
1738651823,1738633508,920926695,1738637567,1738636478,920942139,1738628888,1738641956,1738649678,1738631231,1738690037,1738688948,1738654232,1738629251,920920458,1738631495,1738690301,1738689212,1738630604,1738655717,1738634036,1738655882,1738634234,1738625654,920909964,1738638821,1738618823,920912043,1738637336,920944713,2762834140,920934912,920889174,2762736130,1738620011,1738627634,1738636874,1738630538,1738638161,1738640372,1738628393,1738633937,1738626314,920934516,2762803549,920911647,920934813,1738632947,920931546,1738633079,920912439,1738634135,1738644035,1738648391,1738629911,1738635389,1738643012,1738634399,920935902,920933229,2762780086,
argv.c:countargv,6
1738633244,1738639844,920988174,920952237,2762856712,2762964523,
filename_cmp.c:filename_cmp,1
369330640,
filename_cmp.c:filename_ncmp,1
369332554,
filename_cmp.c:filename_hash,7
369339715,369348427,369337603,369335491,1108006474,1108019146,1108045282,
filename_cmp.c:filename_eq,2
1107991921,369391756,
filename_cmp.c:canonical_filename_eq,2
3323975764,1108175269,
lbasename.c:unix_lbasename,8
2736982136,2736962534,2736969101,3915940008,3157885433,883721708,3915979113,3915920307,
lbasename.c:dos_lbasename,14
2736967319,3915934662,3157869395,883673594,2736990188,2736998900,2736982664,2736963062,2736969629,3915941592,3157890185,883735964,3915980697,3915921891,
lbasename.c:lbasename,8
3158002748,3157826330,2651165125,3658528080,2385649649,2861981652,884073653,883544399,
strerror.c:errno_max,6
755697122,755710190,755703788,2267111365,2506366800,3213655197,
strerror.c:init_error_tables,23
755694581,755712005,755703425,755713226,755709959,755723093,755713292,755728406,755733851,755695043,755708111,755704910,755733257,755713655,755751770,755700653,755734511,755696396,755717087,2267089189,755724710,755725733,755731178,
strerror.c:strerrno,14
755700620,755713688,755711675,755734544,755731277,755707649,755720717,755734874,2267204623,2506646574,755758832,755709035,2267127106,2506414023,
strerror.c:strtoerrno,18
755707583,755706560,755719628,755735006,755732828,755704580,2267113741,2506373928,755728538,755704613,2267113840,2506374225,3224155380,755744906,2267205019,2267198485,755720024,755716757,
unlink-if-ordinary.c:unlink_if_ordinary,5
824056465,824041252,2472123757,824067388,2472202165,
xatexit.c:xatexit,15
4213990357,4052036480,4214003458,4213989367,4213992667,4213997023,4214041738,4213997155,4214000455,4213998277,4214003755,4213999465,4052063804,4213985308,4214003821,
xatexit.c:xatexit_cleanup,9
19482379,4213985704,4214000983,4214010784,4213992304,4052042321,4052097761,3485125096,4052022521,
xexit.c:xexit,3
515386616,515402951,515386649,
xmalloc.c:xmalloc_set_program_name,4
1052592697,1052591707,1052604775,1052602630,
xmalloc.c:xmalloc_failed,7
1052592070,1052605138,1052624773,1052597647,1052590090,1052596624,3157789873,
xmalloc.c:xmalloc,3
1052598241,1052598307,1052593984,
xmalloc.c:xcalloc,5
1052599792,1052616127,1052598802,3157796407,1052594479,
xmalloc.c:xrealloc,5
1052599198,1052594908,1052601475,1052601541,1052595040,
