objdump.c:reloc_at,9
293170,436409,160627,284515,65428,320621,78202,228469,90514,
objdump.c:load_debug_section,9
488602,421351,170725,171049,94824,403036,26478,134434,474184,
objdump.c:load_specific_debug_section,21
35859,498176,324570,216622,275078,367318,73530,207082,458291,416967,192590,487620,186696,243257,452697,91904,427565,65556,360301,106332,202982,
objdump.c:free_debug_section,6
476684,280995,247106,12998,320050,127290,
objdump.c:open_debug_file,4
276926,273192,110829,189049,
objdump.c:main,132
165869,268525,320173,513604,215629,375868,468811,327504,347573,331415,21802,426717,248404,294624,377222,37678,51711,250230,410741,274102,431845,270108,258258,43709,413826,224879,309542,210068,302930,392891,464077,174669,212484,363385,140157,201020,238882,424082,20164,54397,318629,345330,406585,137542,11515,341093,436715,467093,416373,223849,419389,79957,371709,106837,447543,301575,440510,345768,153727,508036,489455,116547,316315,2506,365542,240642,126936,394627,300351,366230,138410,465491,266134,377441,245993,60816,161742,88755,236715,162169,317616,338612,199123,418909,186128,198792,404368,379172,426966,41787,69226,359832,279966,184737,15560,70362,225429,253440,93639,399738,408912,80018,214238,435206,167227,265588,55309,467421,25431,327669,474776,374167,282718,76182,251380,131837,25876,424996,146758,357031,288620,26151,199464,154916,97155,265887,356329,223561,219086,491117,251377,82183,
objdump.c:usage,4
310521,517367,318806,246977,
objdump.c:display_file,6
448443,427067,242412,348515,15993,387211,
objdump.c:sanitize_string,17
205882,487082,386228,371147,28289,390570,436223,271802,209473,313880,267619,257247,274355,325311,171590,138383,274718,
objdump.c:display_any_bfd,32
278152,30800,249976,54055,397900,499909,196731,139905,318722,202983,393267,133156,243399,382524,157930,482960,269614,36807,48562,111561,56852,67588,272276,239907,90729,118392,395940,153999,32007,496835,145191,101732,
objdump.c:dump_bfd,172
444980,410107,229401,415717,84563,15549,166511,423550,174058,216950,269203,160762,383185,491147,64529,418893,207131,478764,302094,198498,329212,219209,469503,228676,136126,164984,292288,182251,459056,155274,217703,508806,354592,337079,309189,519056,225337,85548,332449,289826,235563,349617,256269,154749,156692,190334,359902,274941,113847,322605,99023,12861,7063,494913,412635,283800,190974,127474,116711,113992,67958,123510,479179,93779,486184,491775,209470,385280,78758,31758,92069,91016,424688,205999,500713,290514,100030,472243,288188,123660,458120,311004,71495,359836,3613,117359,182864,378727,426865,100376,380430,447673,280627,11094,437364,294612,225901,514498,253324,447651,217352,352620,249098,483482,267498,30678,450461,79813,349692,251328,225662,109676,102980,224673,449933,88954,188758,18927,124346,65244,37691,515484,49985,170666,161918,138158,443647,314856,347722,378644,163277,416365,384884,265604,413413,376786,426770,414970,438993,352146,483342,464203,213851,425041,270013,310653,222707,261039,113735,68246,333204,453965,288727,188154,405995,280055,506317,243463,474743,233166,423613,129471,222261,205336,392866,338857,194326,437468,88894,162198,117347,335651,
objdump.c:adjust_addresses,4
137937,295257,199043,308860,
objdump.c:dump_symbols,26
23666,220401,304554,57636,175031,374914,140739,328124,389430,200235,408288,81866,66425,110329,381258,363838,333234,126563,485689,286633,56404,505790,425354,426777,275661,272986,
objdump.c:dump_dwarf,16
114323,181599,207687,446217,186830,469581,345719,109277,256056,443552,8881,509604,210393,200444,514818,121428,
objdump.c:find_longest_section_name,6
303994,285602,70667,52050,493299,253274,
objdump.c:dump_section_header,66
69200,97562,234173,113428,441881,153003,510839,89753,302590,81935,514208,69690,50780,318086,119084,334521,409624,513540,448910,362564,201425,494490,344727,165058,271137,205325,90242,321646,396756,160814,162516,179836,403131,167362,271768,169968,521206,136882,200127,464674,24645,208034,420727,255910,120836,284747,387771,331205,109383,70079,504206,330057,380219,318481,244592,3034,404578,384125,216461,69924,8183,96363,294966,138281,401848,261213,
objdump.c:process_section_p,8
448409,358602,9634,360398,411662,523465,50213,68682,
objdump.c:dump_dwarf_section,19
499050,79685,493278,378900,79328,144018,201255,338654,472213,429716,325763,211787,104970,505090,69978,421859,188090,27686,153304,
objdump.c:find_stabs_section,25
421037,399480,189521,445998,201823,176856,351483,373077,191469,249946,108944,221755,364665,508059,42638,274650,369707,504442,226290,38828,295787,11077,194015,161965,337914,
objdump.c:read_section_stabs,5
33467,207549,453373,140780,440278,
objdump.c:dump_relocs_in_section,20
49931,122805,340482,454579,4823,470598,184803,423593,341541,240015,473183,77738,4417,204370,443968,328615,311000,389251,30091,169679,
objdump.c:dump_reloc_set,81
288662,335525,73376,327996,296101,45798,317207,401440,130360,466822,201883,19653,198282,115791,204158,263288,401460,441998,309355,365466,289430,326165,10513,403974,284841,190914,93369,475320,95183,520025,352294,267874,333550,180014,431291,199786,432457,278783,204982,59556,504977,452259,461038,365710,470115,331275,96184,3299,260446,24063,204507,363883,225514,31359,276847,396031,341385,331594,203006,310069,10175,446955,191918,11805,109281,95526,259719,426464,53499,391441,24450,63594,62898,119683,43917,414739,22521,160452,263373,142516,208127,
objdump.c:objdump_print_symname,20
162154,173164,428791,522154,32722,34840,388153,491506,363643,413301,65228,67213,125973,397939,178953,506533,25336,405438,382073,225783,
objdump.c:dump_section,73
425622,511113,358361,273035,489466,451811,73582,256088,325323,468046,211517,321095,81412,166692,81263,353994,128810,272084,294862,160600,182880,290447,82860,456018,151986,388171,325779,76068,387225,346390,110947,451085,516915,202641,219712,23241,451365,134767,335936,418121,466274,327138,466984,150669,121679,274121,148867,472384,399799,428983,513979,497816,241626,450994,174792,16909,102545,384544,222967,375162,507985,52985,325913,274059,151819,296647,106691,58279,378470,401592,329813,145753,238261,
objdump.c:compare_symbols,67
477599,16935,281587,453468,133196,335654,456517,61722,104696,499052,516731,147961,382210,288248,385845,9685,463450,143342,27252,31034,327616,43416,329874,488722,273551,73258,292434,135741,174706,154031,426212,375419,190336,61836,66996,378037,459558,130169,2303,175428,33803,17561,469906,476593,53004,156587,270053,320303,2192,153690,475009,463800,428892,151136,164285,182761,50963,37,353625,116905,58679,361558,281210,264833,15424,352590,425962,
objdump.c:objdump_print_address,12
376424,361784,237473,329837,199870,96269,377381,152250,332236,243490,15373,327079,
objdump.c:objdump_symbol_at_address,2
283815,174442,
objdump.c:compare_relocs,8
308648,404220,406683,164057,243498,15815,350407,118987,
objdump.c:disassemble_section,128
37691,173499,482166,15145,417403,253458,160439,289048,504016,105584,410697,506280,239248,48987,109892,268869,439212,517511,335070,370342,350593,405116,3124,455832,338857,369264,306770,355174,349064,87098,47849,82252,274048,359864,83845,313016,305431,421183,363720,291409,389856,403557,487642,194069,114317,247086,112847,124940,404815,471725,166435,398810,454297,256135,124146,472020,159641,162053,61444,435413,113001,337928,487551,88455,423385,332450,296346,13111,502678,520086,292502,92251,294819,50851,86138,7737,120189,424988,284246,451530,25048,248876,466664,23463,6946,23303,487079,227304,369858,89585,240133,130848,442989,443774,20703,386291,106420,367147,372866,493851,409871,154973,108421,105984,136145,409988,292892,212312,48096,414541,502814,114552,387423,133743,348021,91526,96173,81978,104488,158587,383531,92624,60836,363729,436735,177732,6238,500208,
objdump.c:objdump_print_value,9
249695,105375,212970,307032,443400,513738,52684,264234,192325,
objdump.c:find_symbol_for_address,133
64064,137508,362093,157488,465217,307822,33100,26513,106658,335376,24339,278413,278088,161827,243026,374894,83025,210595,38069,460656,7522,420137,277421,179097,161846,273482,244673,199974,358706,16508,191665,384534,379516,195521,438925,396585,376080,487069,214796,513293,132063,38539,290095,375209,76027,201957,258832,18095,133045,7359,345506,494129,172090,326512,74500,239241,53716,59011,516294,468325,301650,335727,208198,150256,43151,388925,37271,61667,291388,71959,179408,48163,64693,52649,17107,124733,142681,354952,289995,167835,138535,197515,391239,385167,123074,524228,244039,11319,155278,365432,60655,491143,426338,29928,302728,903,230237,92782,457600,255528,410788,358869,303573,439272,434157,106949,246294,173860,395611,340389,401553,91027,15422,204690,137470,5121,191400,154511,209890,429536,349912,90283,86001,220262,467933,131376,377655,452700,406212,341811,69033,43366,186634,
objdump.c:objdump_print_addr_with_sym,20
231118,267372,516284,148564,164914,346424,191891,421539,110979,21383,143695,172493,446990,308151,501960,163945,367023,345158,26,441299,
objdump.c:disassemble_bytes,347
204000,25829,29216,194871,197987,179586,119561,302902,69319,8332,57263,255782,79308,259018,46087,244275,439465,121691,193186,84589,8528,208568,91967,170353,73948,208278,350964,31210,16425,509606,466257,312599,499699,325828,226564,35482,150304,363182,231233,403558,187933,436393,27321,444881,233543,106258,135506,32659,328860,279514,244616,266229,34759,112904,114370,46886,79723,316913,426594,150790,143419,311362,151618,389842,178220,511614,460064,293468,358678,236529,398548,251065,242407,61028,281197,280563,468867,179253,411658,52387,189875,488426,293269,96188,139691,76420,91844,492223,371176,478965,240781,28414,302877,281557,252475,255837,373658,43714,477581,270298,472619,106936,149916,374427,103834,124890,40056,5688,360971,8892,96902,7221,484704,88911,190838,6695,181641,179345,188503,328362,358589,112665,82268,217291,405600,8110,490913,448775,66266,365040,372608,396274,485366,361519,80816,441919,94557,313764,148650,95776,232951,8177,119217,126619,470350,442588,339106,348632,365906,449766,351456,361840,397693,98550,158084,52018,298213,66324,517147,78627,160314,257593,311502,275317,267801,75554,43904,16695,64423,463653,309572,89255,51579,500929,348523,507649,52195,483970,322891,516817,435794,161374,505479,397007,293314,268122,327757,162097,512956,423775,194006,321741,123802,85611,516422,513098,146224,383338,328253,173030,68142,175879,274241,250948,476714,75813,33284,392633,154689,79492,32097,50463,218487,305737,165570,119733,395631,105324,109300,408493,506708,208158,357572,172790,30460,134796,320586,240878,94772,37238,501094,494056,452583,518021,431365,99321,362245,429489,383983,183503,330274,477000,503559,141358,215918,334387,335568,40874,379247,301459,436834,175821,183972,470322,159014,458110,447837,91573,80124,501153,411527,488767,91119,486671,39960,232403,140334,227299,489247,367973,302870,88973,188329,129241,413477,40208,417358,523524,10040,454555,225461,2508,46607,165814,403140,135539,311295,408142,405059,243791,119201,70677,288687,520748,31533,348728,89398,98503,56755,147571,273817,117330,507623,36162,14280,158354,39664,145753,298946,102791,68941,63186,278468,294345,426007,270831,200739,236361,389345,48180,28188,12819,435567,396204,300785,16416,426227,3779,241292,515630,215753,318548,126046,76279,303145,394729,330995,399186,41832,452499,245810,188057,24230,328156,489960,408534,57384,
objdump.c:objdump_sprintf,4
73631,233416,174535,274370,
objdump.c:try_print_file_open,36
343606,452525,323351,489608,312687,196190,358880,168292,485943,482247,315391,48696,198775,14644,294385,418286,370092,332209,316593,420718,508659,81449,313041,506000,383706,120598,479303,39543,451407,2812,343203,335209,243334,358163,440659,140632,
archive.c:_bfd_ar_spacepad,2
53219,339648,
archive.c:_bfd_ar_sizepad,4
388429,206340,81791,397147,
archive.c:_bfd_generic_mkarchive,2
164341,229645,
archive.c:bfd_get_next_mapent,7
257478,275289,360502,92945,112004,361409,34657,
archive.c:_bfd_look_for_bfd_in_cache,5
488282,136951,157056,317789,205131,
archive.c:_bfd_add_bfd_to_archive_cache,4
220999,519149,457971,458973,
archive.c:_bfd_generic_read_ar_hdr_mag,55
409364,397920,69964,202284,501854,230310,491643,100100,497946,105399,96264,166740,388521,178316,386109,513365,322975,516763,353575,50619,234164,343365,475233,305827,176333,216051,197469,65573,20105,383906,356890,153111,235692,24228,340345,396121,355777,251742,134375,231326,444507,59018,305880,179390,368480,207912,411991,356659,506610,188376,455734,372890,275408,69658,133625,
archive.c:_bfd_append_relative_path,4
196204,224073,171533,379813,
archive.c:_bfd_get_elt_at_filepos,54
331651,389932,425087,376300,401031,114057,157002,125329,332727,105948,286232,179081,293418,213370,408819,291586,292900,231459,434866,451157,442093,376729,86430,80412,378507,297254,425934,98600,355201,135727,380866,455915,60256,343178,246557,282444,310974,239171,112655,292273,505944,107325,17286,78367,517896,87931,117121,523952,182645,148212,88602,69278,41253,272692,
archive.c:bfd_openr_next_archived_file,3
103744,120782,105916,
archive.c:bfd_generic_openr_next_archived_file,7
492992,434033,495689,261166,277827,78891,31377,
archive.c:bfd_generic_archive_p,26
96046,166452,85957,59936,19891,281118,373305,209036,105719,78135,224812,443105,108868,339978,474136,449297,26656,230542,327191,239823,98818,470717,398553,427056,333206,519737,
archive.c:bfd_slurp_armap,61
30439,519709,110911,327067,182466,106653,343537,321735,103385,493522,33923,150038,71130,412460,33709,438067,322176,203455,244599,493846,258311,111899,413406,224001,470904,194706,108900,413015,397550,60078,184809,495407,407345,415784,180809,30433,461553,516682,51678,343174,409631,503121,358336,174273,168748,138569,208209,336254,284262,218923,88804,379905,391689,376740,64406,441662,209218,468281,288056,274864,352619,
archive.c:do_slurp_bsd_armap,19
286073,523121,127807,325789,223879,71800,440662,451795,382569,488740,465952,196152,216936,3924,416725,380945,393084,276550,138586,
archive.c:_bfd_slurp_extended_name_table,31
343334,492645,441962,354336,177846,361383,512561,315969,188705,144346,500418,24885,215293,212566,414572,45607,189329,124465,422983,476473,167131,218840,92328,339830,19138,473662,520959,352344,392228,179520,391774,
archive.c:_bfd_construct_extended_name_table,99
516132,239091,163819,70823,214328,429572,393358,443689,278645,168788,458096,202279,377424,326774,352733,257783,251075,460886,110372,6610,245375,233580,433795,323346,91521,416173,133306,311481,164384,19098,308227,337406,249467,449909,281426,160252,368414,116960,22526,466075,408153,139376,452124,3614,40536,85050,299594,383778,172174,384614,241630,456114,414411,363679,489093,26697,139138,390130,92643,159195,416458,481943,142415,216538,126544,243901,97443,453932,224514,424504,74501,37990,92988,280613,297577,318811,159767,381512,93612,92483,150627,64044,512112,235636,287011,401658,62767,50863,343481,341386,246997,306518,412377,184658,237504,201858,89238,111913,259590,
archive.c:adjust_relative_path,69
289401,483403,383825,82132,177637,241877,18096,130645,371351,488356,436,308863,65416,468197,475163,591,225813,407049,505876,520039,390507,153961,202214,208929,303341,80999,374569,506071,263675,93027,129192,454827,53325,440355,302482,194139,149446,53016,108418,400938,434942,191248,347511,200921,98724,301449,387566,58633,45289,475805,410807,516472,493756,387627,307145,489646,221927,503022,329638,132049,473603,131991,141198,253485,165326,9970,350658,87811,47354,
archive.c:_bfd_archive_bsd44_construct_extended_name_table,17
398013,215428,48010,519977,482505,206400,229403,523764,492598,27731,327162,426798,244903,339287,49007,283865,216853,
archive.c:_bfd_generic_write_ar_hdr,2
286103,412360,
archive.c:_bfd_bsd44_write_ar_hdr,19
291609,82832,460844,129437,149342,76707,319543,370131,216715,475221,423460,418356,446960,158042,375786,490568,416692,116828,361348,
archive.c:bfd_generic_stat_arch_elt,13
289280,344013,163475,245570,361321,100064,493999,312195,182274,498990,443643,386431,493595,
archive.c:bfd_dont_truncate_arname,14
459036,107795,332401,282498,238776,291395,455292,422343,440684,30305,255834,463459,28609,56736,
archive.c:bfd_bsd_truncate_arname,4
268450,169588,112179,499294,
archive.c:bfd_gnu_truncate_arname,8
150171,72419,179190,349005,492244,141262,114827,112943,
archive.c:_bfd_write_archive_contents,103
384148,76910,434930,303509,159690,382291,226193,192161,90514,241024,104108,379898,312802,480704,168440,274002,121474,441057,484559,211209,169088,391830,426509,247358,324284,262439,29835,500456,114922,245978,1944,311663,346605,155535,448711,426837,435956,488793,354083,330913,175957,58184,187114,24142,491225,61110,265814,92299,76918,395008,90290,94853,67649,340136,271222,51523,215825,128685,144060,180687,422948,79878,90283,252606,420012,168543,420883,512261,322755,385976,474870,516870,22919,45059,274094,277976,467544,337229,5744,200741,188873,411770,108393,49713,203564,500838,348902,320554,90399,14513,67071,12961,126056,43868,415738,33268,89606,165792,320494,104859,126908,153917,50542,
archive.c:_bfd_compute_and_write_armap,65
323343,315796,505436,106058,393195,344299,363914,157385,316073,317932,444990,173083,113909,106971,251513,218009,298456,388425,392384,273713,202309,174067,329474,439117,54155,78836,346900,419,27623,204347,264904,329706,431873,318676,164039,36974,161826,408284,18206,88271,31587,47219,419027,315009,155028,201500,417425,459005,200761,100693,321495,206861,348708,450333,413970,439276,181424,299758,9845,522814,85548,60518,206944,303697,248630,
archive.c:_bfd_bsd_write_armap,55
248218,17769,4871,21648,209104,469521,356889,86299,202820,222838,261017,401373,287073,316772,491736,470872,86951,146458,330830,22739,79437,139738,94629,44397,322181,498796,51335,380447,459912,404890,214045,118738,315827,392819,433303,138016,383530,424779,503792,251320,212124,360596,77423,77579,389686,440407,309655,380440,300054,223564,140241,197521,115046,477642,42901,
archive.c:_bfd_archive_bsd_update_armap_timestamp,13
396236,430503,518485,449300,520973,29958,394142,471950,440808,499265,456785,501664,114701,
archive.c:_bfd_coff_write_armap,70
228031,186973,272729,1669,291465,162583,67643,6888,72073,437214,127036,267451,493818,217231,329967,39329,399987,304642,285223,327373,302178,268878,124938,467422,152508,216747,209795,381557,159859,126232,406432,523536,391863,430559,85913,205198,199314,233624,225554,521263,32819,133318,173633,421939,65087,299030,189444,229362,77880,209817,369279,27597,364804,368557,437980,444133,54967,189125,43751,37804,110660,56070,110824,357124,421067,352497,457669,310363,117028,364257,
archive.c:_bfd_unlink_from_archive_parent,8
520164,501519,337266,279443,253132,489857,129793,139609,
archive.c:_bfd_archive_close_and_cleanup,12
307072,429321,15098,469909,113337,246666,410616,261085,370737,457336,404672,40446,
archures.c:bfd_scan_arch,21
26181,377057,522244,210597,464099,258361,169968,188912,252709,358682,150880,27504,2731,333634,121802,348661,73373,166307,303320,353525,440147,
archures.c:bfd_arch_list,22
498676,278351,21160,344585,404466,189201,260612,406029,346815,519135,151526,372619,139550,170450,394783,56385,172136,8184,341509,48850,323948,129369,
archures.c:bfd_arch_get_compatible,9
429984,130230,14654,423700,193298,484014,423682,301635,216485,
archures.c:bfd_default_compatible,8
139062,168469,57629,500016,207378,344531,359948,347859,
archures.c:bfd_default_scan,59
502739,90968,4406,149894,92826,94309,343466,228194,175128,105487,382354,339237,380892,402193,409708,182443,63989,266022,33390,32529,465204,520678,437633,242623,96960,321232,429326,20471,295662,502482,124140,44953,434050,256526,202603,69369,415893,427902,290344,417713,494348,342331,350838,161028,261179,303294,299861,49161,134934,152775,70454,481057,287905,291299,6621,441266,399381,376068,97823,
archures.c:bfd_arch_default_fill,2
348144,152032,
archures.c:bfd_default_set_arch_mach,2
220034,475398,
archures.c:bfd_lookup_arch,44
137228,50595,423582,512148,83109,240734,329727,34844,224038,506014,135869,88627,438552,86875,168264,403493,124030,71208,50850,403675,334834,508368,367477,386978,453150,143046,448253,24456,472333,496815,149317,421802,305821,296671,27790,490631,296179,502897,493635,206596,210003,487228,57028,496486,
archures.c:bfd_printable_arch_mach,2
98728,121382,
archures.c:bfd_octets_per_byte,2
320747,521392,
archures.c:bfd_arch_mach_octets_per_byte,2
511906,458952,
bfd.c:bfd_set_error,2
76881,333896,
bfd.c:_bfd_abort,3
58849,127837,321908,
bfd.c:bfd_set_input_error,2
284619,347815,
bfd.c:bfd_errmsg,9
230397,243908,124398,158223,85488,429000,475892,434647,11683,
bfd.c:bfd_perror,4
129162,356766,143250,168206,
bfd.c:bfd_get_reloc_upper_bound,2
233672,237699,
bfd.c:bfd_canonicalize_reloc,2
399964,288207,
bfd.c:bfd_set_file_flags,7
268347,336709,506751,518633,182962,8880,519207,
bfd.c:bfd_get_arch_size,2
80562,366143,
bfd.c:bfd_get_sign_extend_vma,14
312093,397644,450263,408836,164228,107483,404096,340753,278112,114427,210391,218407,390711,239834,
bfd.c:bfd_get_gp_size,6
337407,384314,66795,81224,364698,156445,
bfd.c:bfd_set_gp_size,6
250285,457074,115470,346612,72467,141752,
bfd.c:_bfd_get_gp_value,8
234141,502129,49197,47550,299365,511818,165246,358932,
bfd.c:_bfd_set_gp_value,8
34527,10295,255018,414907,216620,239783,173982,47657,
bfd.c:bfd_get_relocated_section_contents,5
217407,508689,243174,128922,463816,
bfd.c:bfd_record_phdr,10
384412,185206,110431,210146,504547,63808,311364,108109,45228,408396,
bfd.c:bfd_sprintf_vma,4
165927,118384,368120,182280,
bfd.c:bfd_fprintf_vma,4
379810,89206,226582,458991,
bfd.c:bfd_alt_mach_code,10
494147,457741,85725,345284,277690,423949,211196,415805,409573,3164,
bfd.c:bfd_emul_get_maxpagesize,3
371460,226160,307252,
bfd.c:bfd_emul_set_maxpagesize,2
466916,65491,
bfd.c:bfd_elf_set_pagesize,5
346561,22180,509756,277275,504995,
bfd.c:bfd_emul_get_commonpagesize,6
259857,353597,188426,323890,255015,327116,
bfd.c:bfd_emul_set_commonpagesize,2
512499,329169,
bfd.c:bfd_demangle,29
344355,305010,149129,445197,407297,279215,237130,190963,140291,443753,265386,402428,46122,98301,234245,329796,174980,464158,237802,495420,291445,281097,510270,501274,492332,454990,139807,229543,14098,
bfd.c:bfd_update_compression_header,8
220262,231027,302655,136290,205829,103305,494904,427309,
bfd.c:bfd_check_compression_header,9
399037,199485,15276,272476,400959,279108,73925,434059,17262,
bfd.c:bfd_get_compression_header_size,11
319958,22518,38155,306053,405309,11923,4095,197333,262697,371110,158587,
bfd.c:bfd_convert_section_size,13
423168,353996,206613,266993,404566,19505,518912,131144,199121,53058,320495,97718,260734,
bfd.c:bfd_convert_section_contents,16
206149,371300,355337,278143,242986,448814,184344,48354,231889,261509,343655,375198,147388,453867,164945,81233,
bfd.c:error_handler_internal,200
297869,211542,198425,313965,450153,427102,43295,314058,518435,113929,511911,210229,136244,380117,330122,147995,389595,232622,324934,505144,260790,361009,359127,54982,202060,166790,133751,324694,516827,46897,117585,426365,30142,46624,156999,81589,435439,197587,69090,99265,421482,460833,118786,300941,441762,433987,18444,17951,470764,403663,92056,521264,403563,273486,447134,219516,114519,375273,417301,344631,499766,369835,66107,42508,452362,116058,407136,23338,307599,234777,145288,50485,86066,493112,53397,313855,43499,22797,22900,122190,511478,495394,351283,156450,291269,365039,321232,172076,316995,386378,454356,399268,335347,83174,487371,309222,443612,344600,274773,405202,367989,478311,137190,47943,266999,300290,85978,170635,73047,255285,459173,510692,320548,124818,307766,112787,251686,316400,192909,318774,274377,132688,270046,257393,32845,379225,28610,346229,172346,420191,476779,107292,75500,68767,263748,204029,482318,374194,115754,46882,95690,116330,267449,473458,409318,395619,378051,41700,402316,197672,498008,155614,214131,159827,112820,478485,108529,332810,8799,291485,127053,255639,141440,434367,407806,161244,509452,313277,322379,4893,155526,119421,29618,115745,209923,456534,45758,317792,485225,206666,335622,225983,160482,520083,488077,393773,484067,383370,441138,27814,382057,463750,147946,90726,485126,477628,141015,92959,194295,260071,
bfdio.c:_bfd_real_fopen,4
410601,510854,82011,493509,
bfdio.c:bfd_bread,18
373530,303309,165654,328211,325614,87575,411664,151882,152532,509982,201575,146634,26672,432498,499590,474218,321337,365648,
bfdio.c:bfd_bwrite,13
385982,449763,218200,1277,471006,300222,76910,53214,398894,366374,333049,9962,152017,
bfdio.c:bfd_tell,9
132897,213131,436057,143829,262134,374583,467606,416570,420552,
bfdio.c:bfd_flush,9
5168,247679,149327,305341,364350,266440,275195,465433,373595,
bfdio.c:bfd_stat,11
38864,214447,355166,40121,386043,17737,425884,231786,426969,239041,339202,
bfdio.c:bfd_seek,23
523326,71183,480692,238272,389531,323135,53846,144432,452499,26370,288495,493142,77242,377107,79558,395387,273376,352829,478898,35491,343949,423831,512640,
bfdio.c:bfd_get_mtime,5
491762,50163,386800,446100,334652,
bfdio.c:bfd_get_size,3
227190,315338,379493,
bfdio.c:bfd_get_file_size,6
385344,128719,358361,280699,427471,228191,
bfdio.c:bfd_mmap,9
498156,370990,133107,459475,235523,351273,380342,233360,360923,
bfdio.c:memory_bread,5
357829,217147,435865,45589,445073,
bfdio.c:memory_bwrite,8
292636,275787,365519,207847,19354,494245,34,300765,
bfdio.c:memory_bseek,14
375406,27480,98403,434021,347569,366770,13586,341931,436531,48439,215919,252101,399321,490150,
bfdio.c:memory_bclose,2
19002,255443,
compress.c:bfd_get_full_section_contents,43
55731,156470,276705,523190,484439,143529,25103,507113,259508,114419,266154,233807,37592,143442,283182,477270,214942,495315,227023,408968,25184,222084,211065,386243,464156,108932,348728,281527,475403,415116,242865,48923,477551,425167,514169,367460,338057,65352,270165,495409,427970,416055,422792,
compress.c:decompress_contents,13
114443,73976,83918,373369,250362,152792,506918,461089,157738,415346,299694,150398,371256,
compress.c:bfd_cache_section_contents,2
350868,306490,
compress.c:bfd_is_section_compressed_with_header,19
436318,98992,426204,302848,315752,77630,180164,86930,410351,391824,467759,462633,438045,147949,48337,513998,351085,470662,271613,
compress.c:bfd_is_section_compressed,3
3999,278145,7333,
compress.c:bfd_init_section_decompress_status,18
141891,50986,338932,329364,85753,376272,53024,264136,454372,61729,342549,9883,257325,152951,95512,469491,254548,265358,
compress.c:bfd_init_section_compress_status,10
439001,351595,338144,524265,203512,492530,517960,414766,38074,426095,
compress.c:bfd_compress_section_contents,26
438531,306582,215043,247159,247975,14495,58664,163155,45381,263689,427246,382489,261902,232852,173328,71087,189418,97328,105167,349764,332717,515831,206061,263901,317830,500335,
compress.c:bfd_compress_section,7
235233,117420,107216,272823,484932,368117,197292,
format.c:bfd_check_format_matches,123
11867,480219,513973,8484,395612,138970,452569,114215,237147,467016,393588,431777,513709,298348,313592,320442,375331,492823,281064,456133,298457,340218,491560,169326,104746,67534,509125,87661,276311,33246,190532,391075,105775,406593,336630,14939,409253,337537,285303,56658,94630,364095,99215,53725,313478,441142,440661,21298,143251,408987,242041,66392,254795,503533,386505,405860,160095,36315,173136,110548,177012,466337,335331,115533,391239,434176,424158,235999,380210,170477,251147,199275,297717,146264,325630,433180,284215,71740,338577,49554,187506,314520,460011,242043,241476,34073,464569,379578,468938,184565,258368,248636,468687,113554,507650,488504,122551,258246,304968,374208,388521,514781,117342,42513,371626,332274,320536,124002,376998,23623,400665,6942,266575,57202,241189,69413,315405,434224,429977,494740,179528,383022,359348,
format.c:bfd_set_format,8
240711,220293,48132,252173,95598,320262,41717,59923,
format.c:bfd_format_string,4
142585,171036,283788,4971,
opncls.c:_bfd_new_bfd,9
158773,482502,152487,429750,322706,323295,237069,339590,411641,
opncls.c:_bfd_new_bfd_contained_in,4
226926,272236,80139,353269,
opncls.c:_bfd_free_cached_info,2
234503,377529,
opncls.c:bfd_fopen,25
81719,453588,215295,433712,226938,416907,402161,219440,507889,14275,220946,138982,87353,373905,95358,206786,239162,217011,217873,50927,358566,470756,73234,453903,272701,
opncls.c:_bfd_delete_bfd,4
267363,230403,270446,374309,
opncls.c:bfd_fdopenr,6
115324,347210,122457,458197,516542,465905,
opncls.c:bfd_openstreamr,6
72306,511015,12335,184683,116796,410130,
opncls.c:bfd_openr_iovec,8
426745,266217,434001,292966,61618,347148,177973,523544,
opncls.c:bfd_zalloc,2
432841,213408,
opncls.c:bfd_openw,6
241057,523922,260096,195343,117415,236765,
opncls.c:bfd_close,5
197430,192775,94933,132181,77342,
opncls.c:bfd_close_all_done,10
340626,236099,425543,280756,125512,314799,250918,309464,427501,3159,
opncls.c:bfd_create,4
446751,118672,307733,76692,
opncls.c:bfd_make_writable,4
370156,394955,409350,2090,
opncls.c:bfd_make_readable,7
251419,425270,280372,502078,266389,453263,189846,
opncls.c:bfd_alloc,10
309580,132724,227548,117570,356083,458274,149934,333517,129655,434870,
opncls.c:bfd_alloc2,4
437580,246418,197956,178337,
opncls.c:bfd_zalloc2,6
158122,59066,480492,371668,107959,487992,
opncls.c:bfd_calc_gnu_debuglink_crc32,4
452677,166505,241028,230347,
opncls.c:bfd_get_debug_link_info_1,16
36383,401320,331884,365046,111970,132485,387278,213508,383342,2947,25838,431056,388631,32551,49007,476054,
opncls.c:bfd_get_alt_debug_link_info,18
403829,35067,476536,216978,419209,334312,16727,101394,84420,367082,70994,64486,347123,40708,359937,481522,345560,450903,
opncls.c:find_separate_debug_file,63
392414,362027,493057,45247,195583,385565,250983,390262,502210,257314,27498,196889,290496,102625,146424,409577,172835,301886,419368,127101,493774,370667,216738,18159,167101,519707,49208,57747,346431,451473,189614,507405,59791,504053,107848,45534,95245,297805,128554,506644,67150,490256,170083,456064,184088,485081,195724,211863,228914,210386,298495,414098,147834,181436,503579,47756,141568,162801,37440,303878,477826,70943,208582,
opncls.c:separate_debug_file_exists,14
404777,474435,249972,346796,118095,327397,246730,463324,353130,308211,392255,86220,42892,436517,
opncls.c:separate_alt_debug_file_exists,4
189021,396641,34020,160386,
opncls.c:bfd_create_gnu_debuglink_section,9
71144,423774,477524,488771,9284,494454,508411,354058,99741,
opncls.c:bfd_fill_in_gnu_debuglink_section,18
23936,480037,256468,56976,214282,475610,374989,357563,211706,501359,510766,79708,348770,235022,440209,94530,477396,400310,
opncls.c:get_build_id_name,12
195051,338397,23996,259713,312186,149173,403788,175793,112600,346911,319332,115622,
opncls.c:check_build_id_file,12
392408,175111,260433,30804,508421,340529,134633,407114,168943,446424,158245,438709,
opncls.c:opncls_bread,2
353431,207928,
opncls.c:opncls_bseek,3
318977,383730,9415,
opncls.c:opncls_bclose,2
8325,85687,
opncls.c:opncls_bstat,2
201044,408331,
opncls.c:get_build_id,37
77949,93240,465496,517064,310626,485563,421866,486380,463182,429057,468167,357178,184033,515622,512686,402363,418341,27123,233498,222895,170920,244883,498876,174005,488045,236107,517247,384128,511863,37781,250839,42320,411459,504443,89343,140505,387220,
section.c:bfd_section_hash_newfunc,6
13238,4612,167156,302434,431199,506665,
section.c:_bfd_generic_new_section_hook,2
64879,169043,
section.c:bfd_get_section_by_name,2
181415,158349,
section.c:bfd_get_next_section_by_name,15
81073,259298,370685,238248,186593,389693,120377,348355,443819,394758,77544,60033,394119,142404,132710,
section.c:bfd_get_linker_section,8
149324,124387,231076,62887,2095,307544,449312,261806,
section.c:bfd_get_section_by_name_if,8
191167,399881,7779,438773,95561,296890,359850,14430,
section.c:bfd_get_unique_section_name,10
119096,393508,109601,295209,181588,503485,506387,379991,422341,234905,
section.c:bfd_make_section_old_way,22
208723,497933,457995,17962,175848,278444,171210,120828,79772,392508,494503,367972,88420,125581,479260,416594,509877,467980,136487,212853,518334,82991,
section.c:bfd_make_section_anyway_with_flags,13
114674,446068,95569,455806,161705,18098,523165,236599,504166,117545,519144,409051,22891,
section.c:bfd_make_section_with_flags,18
443678,64626,182194,206201,373746,418262,367554,80466,305805,5044,33194,147021,474678,211977,273221,457059,251806,194993,
section.c:bfd_map_over_sections,6
176698,13687,178676,331421,487629,407594,
section.c:bfd_sections_find_if,6
491231,287262,397562,150877,51873,183106,
section.c:bfd_set_section_size,2
73434,517705,
section.c:bfd_set_section_contents,14
113275,234954,65316,316129,156303,265934,10862,388791,37592,502231,61761,258818,491674,438728,
section.c:bfd_get_section_contents,18
33514,366061,96268,436762,325369,405577,351866,77029,296465,340534,93299,244923,447297,268695,421378,455503,90993,77394,
simple.c:bfd_simple_get_relocated_section_contents,23
120809,339916,120108,262076,135261,141013,282331,393935,273986,163800,148684,468906,194832,109614,226910,464566,190655,454327,313172,207229,297692,212921,29758,
simple.c:simple_save_output_info,3
274926,476252,369825,
simple.c:simple_restore_output_info,2
28955,2744,
stab-syms.c:bfd_get_stab_name,1
504992,
syms.c:bfd_is_local_label,4
266649,34793,198524,363538,
syms.c:bfd_set_symtab,4
455631,332268,67132,149760,
syms.c:bfd_print_symbol_vandf,19
33114,316289,172454,165722,460688,482287,178784,291798,212638,430669,478018,86195,106532,439651,302369,137503,348637,488785,423157,
syms.c:_bfd_generic_make_empty_symbol,2
49468,503885,
syms.c:bfd_decode_symclass,51
259158,395103,79528,353260,494616,255829,192064,474986,11738,172551,64262,78745,517992,158980,337171,50640,296959,98710,4908,362397,234672,31759,456300,9877,235524,92991,179329,328547,149350,216206,101816,34274,188301,250975,60666,168446,183023,197788,182663,58785,390093,193687,323512,218169,485473,435095,176934,461777,78066,34157,277549,
syms.c:bfd_is_undefined_symclass,3
434071,402810,51319,
syms.c:bfd_symbol_info,6
315236,479373,261880,226177,146718,9678,
syms.c:_bfd_generic_read_minisymbols,17
354433,170905,389855,372315,296859,82365,84788,510693,99720,24496,147829,71711,128354,470814,217946,382976,400978,
syms.c:_bfd_stab_section_find_nearest_line,188
55171,137987,210178,309670,484968,284693,357769,509098,275082,361847,18062,120393,240985,445081,386431,129266,64029,344800,177813,42464,353,85578,187282,216100,203029,284870,19572,185679,219315,360231,428245,523060,232464,242194,473755,24482,87527,307943,180449,212887,53415,80281,378733,333546,372434,155219,134699,244377,497564,253152,246942,396852,387695,84992,180263,427335,271348,306667,249289,199555,285414,373826,508766,262989,56200,404786,269488,113324,457858,176752,496195,347512,63127,369050,245816,409852,399091,427057,353307,341325,157612,188361,499174,35708,500002,22289,292259,190878,499693,143516,79957,228165,288471,338330,296692,2709,377191,357118,492757,260533,80999,416093,128336,204357,118323,324964,376954,153041,159775,258628,122451,386484,452408,327431,87853,365061,346498,17822,339550,54289,45765,131866,408094,39569,251990,500048,35246,349795,57271,384244,216614,313976,481884,513660,29691,230731,422914,498176,123216,350301,311654,225360,164018,310267,203806,366414,395241,459246,487902,125695,492279,68761,194736,173337,56106,168872,325411,190373,445100,186432,146576,20752,184661,370367,404328,141580,328202,238936,252991,316603,411623,152570,355420,177888,319296,400851,392879,483402,377313,201528,301257,105384,29162,103821,232305,66964,381612,332387,
syms.c:cmpindexentry,4
38190,488977,350308,299070,
bucomm.c:bfd_nonfatal,2
458827,41102,
bucomm.c:bfd_nonfatal_message,11
96227,159150,362879,472174,310027,191860,428610,515796,349476,258067,135820,
bucomm.c:bfd_get_archive_filename,10
147596,326626,439994,278902,180948,101625,389888,50130,427602,157494,
bucomm.c:set_default_bfd_target,2
436316,69915,
bucomm.c:list_matching_formats,4
351200,262077,200331,116105,
bucomm.c:list_supported_targets,7
127583,314230,179608,98,443974,176367,41941,
bucomm.c:list_supported_architectures,7
123061,62366,40430,342371,402219,5449,254262,
bucomm.c:display_info,44
13619,29419,288811,184491,412494,304688,286314,117467,183264,273510,521084,220025,424286,508451,237965,111228,84505,392786,484297,317449,237580,180396,54617,327861,14104,483512,391024,350067,277205,196469,48368,242467,448345,506190,163956,256570,397201,401142,210542,165411,281798,235546,303884,439556,
bucomm.c:print_arelt_descr,15
395556,47685,419435,52510,401118,227559,333764,442322,396808,134207,523891,307709,424254,429936,80294,
bucomm.c:make_tempname,5
260652,456943,395487,74202,171295,
bucomm.c:make_tempdir,3
482409,516107,358695,
bucomm.c:parse_vma,2
498562,229030,
bucomm.c:get_file_size,13
314279,408100,510035,116668,511916,236601,148525,32330,521346,467721,57565,42919,193440,
bucomm.c:is_valid_archive_path,33
483525,108543,276196,416901,520522,468074,294044,309865,179695,175613,478114,318558,341025,323102,425507,261272,159968,48724,268349,71884,343986,377486,471373,120100,97166,338806,468385,472540,509200,144780,263608,270877,251579,
bucomm.c:do_display_target,18
335453,260939,260223,423008,194379,276486,496874,85905,424645,444469,315125,119964,315514,341669,282862,381704,64600,501365,
dwarf.c:read_leb128,14
278544,147990,56813,189937,58786,327895,348105,464916,72133,177741,216020,485408,129257,133157,
dwarf.c:init_dwarf_regnames,6
6247,365201,1928,478405,358130,172580,
dwarf.c:find_cu_tu_set,17
15918,275818,112935,416607,421786,497427,275081,401676,463315,506754,485015,230066,336570,21396,328239,63041,170163,
dwarf.c:load_cu_tu_indexes,10
183893,31019,468168,146273,42036,375566,301405,454257,259868,107250,
dwarf.c:cmalloc,2
377639,149830,
dwarf.c:xcmalloc,2
89945,68724,
dwarf.c:xcrealloc,2
297939,491847,
dwarf.c:xcalloc2,2
521987,33756,
dwarf.c:load_separate_debug_file,31
451383,382886,77096,412843,24470,138084,233509,249984,164866,485897,353596,407799,269221,84791,373936,208499,298577,270163,301262,229886,501531,85782,89016,297614,211293,508695,289556,167849,243276,301410,371189,
dwarf.c:process_debug_info,279
393955,52719,521152,298549,155425,70433,486545,52686,413332,519094,304581,265657,318853,200784,77569,81597,193163,87067,488298,416778,137121,360643,122372,359250,153021,409156,114131,405745,135171,4672,129926,159978,220586,513117,108374,304033,368530,344873,29430,502320,9604,115765,13426,32432,79464,361339,123373,8193,244074,4269,402630,73655,448690,213487,74076,136283,54420,207416,249272,216444,276952,13839,50524,219997,19055,122759,8280,144269,90656,410803,24988,248413,274848,147255,171389,328568,417195,324378,364440,238030,244354,280892,32917,185318,258631,288305,94632,363028,468259,369312,349694,39413,516001,186033,383880,215361,260565,356581,397127,417055,89445,415090,193503,29270,239825,252835,47887,307833,131753,395754,393641,95291,58792,423401,469484,63102,497242,218719,207734,303932,122283,512791,324729,209771,265914,447827,168064,265186,470703,158489,480469,450541,175496,95592,392961,306502,432005,161128,67053,164640,452137,468234,107009,322770,373433,469325,178563,258749,16263,213001,229578,400181,290220,369741,407921,165952,98272,431683,319032,258707,187137,497791,75034,195471,62305,500522,403688,429179,413437,2606,284726,108552,278458,63993,246113,241379,2156,274663,447134,168488,354320,277035,521137,403341,456560,183068,50219,75709,307568,401879,462402,462644,333852,17461,158867,241849,330671,222619,176524,213519,507621,325794,163920,362229,16918,500881,358790,419591,127970,425052,98713,275736,137210,232617,75740,422530,318435,92625,101253,429555,170386,73204,321099,173242,405560,211618,216620,409370,461421,143277,39547,71947,265556,316050,95139,484981,103179,270414,2405,349059,517663,387952,523743,39538,390734,473750,224334,263976,185983,332412,277057,22360,327003,280226,212144,213086,141386,415515,349785,77429,113580,122224,48302,303517,441940,515407,404747,50657,306255,12583,435880,199630,302420,193819,21622,344148,298140,473117,328285,
dwarf.c:display_data,13
56439,363988,440646,61039,451910,297898,361405,165875,262468,127605,71924,203248,284430,
dwarf.c:load_separate_debug_info,32
358156,323543,485605,408091,427541,45466,291465,331586,437582,274566,205451,23176,469034,482283,511172,125095,475684,507194,304332,238020,191160,171878,256574,23413,147880,249037,310727,162099,367313,403468,362520,174950,
dwarf.c:parse_gnu_debugaltlink,6
452913,226631,24566,440543,223849,174064,
dwarf.c:check_gnu_debugaltlink,2
67311,126004,
dwarf.c:parse_gnu_debuglink,2
495457,44235,
dwarf.c:check_gnu_debuglink,14
122967,13082,326429,320190,420825,478579,128708,58119,121285,369001,62509,301269,216255,345011,
dwarf.c:free_debug_memory,16
278027,469321,71293,366986,374665,38096,133740,96364,173309,415724,128858,115440,279215,321187,319695,158606,
dwarf.c:free_abbrevs,8
6869,474428,61754,475885,480015,183333,506369,351917,
dwarf.c:dwarf_select_sections_by_names,19
434181,449985,503790,230119,457847,229899,168929,326689,492145,253961,69669,466031,195252,114864,404774,332723,185846,353419,299558,
dwarf.c:dwarf_select_sections_by_letters,27
424066,86268,486372,518184,430997,41316,515653,366229,136381,58186,214526,193739,253340,281382,20647,141721,289769,50103,483187,16340,5753,26279,168641,454515,429701,31980,451374,
dwarf.c:display_debug_abbrev,18
142900,81018,262897,480934,22090,108319,498270,116193,457115,47978,119065,351614,521641,37706,376966,255054,145218,419861,
dwarf.c:display_debug_aranges,93
437737,288445,98636,7733,463983,62940,245873,355917,327537,414231,440271,354224,416729,288529,421062,445774,36322,270051,82407,207576,401711,418914,381434,488235,433787,509574,305827,118433,424501,235927,66776,131499,367344,238057,155046,471855,191862,155767,92736,233692,497893,352007,34201,477701,353114,255689,346754,522989,264450,115274,158105,451967,429322,398976,203160,7,327359,456198,298166,295974,74663,22594,414564,86940,258055,49936,265056,241839,61061,167861,224909,440987,519882,389541,258220,420752,188603,230013,464643,233607,519167,90282,261158,430026,448649,62152,241468,177251,351748,6535,203731,418564,346346,
dwarf.c:display_debug_frames,542
471215,441242,485111,464077,171769,383227,523166,151106,456859,39882,105349,152326,477311,14883,224104,495876,123643,351565,324663,135572,492301,49651,302100,27922,69044,344493,459434,286277,328588,259756,138103,199436,119886,346213,318068,416694,476297,252973,142816,488780,348699,386254,281516,172015,449404,114222,138828,324966,340372,178977,104389,420235,13441,310508,429816,368118,59698,13785,378327,427032,93285,366663,330624,490828,314233,280862,216901,475021,325729,386600,11955,485485,460514,412868,160783,93709,332578,486182,103426,285624,73952,311994,219007,521195,523969,251706,89649,83290,187885,340429,287483,78449,370223,234688,493066,367021,38222,333583,417455,277678,189710,428773,217999,305235,483933,230265,31226,342902,349058,350812,49327,360566,348273,344779,500352,134288,103265,445133,26548,202860,347456,233322,217553,255845,105239,360160,275914,242115,366300,341339,160775,508138,514401,61016,130776,2856,172715,332627,288115,432591,146553,23632,464902,522367,328354,124990,290759,228882,13535,297534,29487,98256,12281,68182,495068,169462,244949,15513,458841,492477,353012,227749,202019,400355,222241,359866,473992,453931,364718,262381,498600,452831,100649,404825,481938,298110,466194,430145,458202,359480,479814,407885,128893,391504,335354,304821,37153,4640,177422,173006,258191,445734,472688,344023,133515,38470,374274,518561,259596,472491,515375,380329,486390,166044,270146,274596,285878,204147,23345,116593,203097,245902,77131,31964,101665,407389,233192,120993,124111,334818,101799,398307,281168,97668,102048,461374,369325,358229,423164,258895,370361,93293,405427,274560,501324,399508,170217,466514,351693,231611,254156,234598,351685,21361,458733,251102,422252,384072,34395,308642,219434,90267,457389,316749,72388,214247,192769,425737,517385,270728,203066,232349,341938,404422,226477,387765,372638,311275,510526,66245,127808,385170,205049,340744,209429,125690,84726,513525,450173,278710,58147,73986,95932,212236,488998,140796,34685,413096,288297,437882,316736,385933,397323,303840,244542,475571,200450,209187,410531,378552,175617,467761,521026,450037,61834,258473,402915,255745,495288,74871,93560,518232,51424,66104,100266,312909,439716,486186,88664,197201,251279,4780,51504,405857,295823,238047,506883,159105,435122,495975,145577,286984,16691,497459,136529,255853,101758,517715,521159,175767,355725,157790,121517,372340,17817,43451,104336,224400,55029,226382,367944,55079,218580,98677,447791,508147,163970,93261,458545,317838,285341,115470,167437,510704,13154,414026,170745,326514,517612,80490,175348,196055,205998,100518,230631,92331,255358,381362,23383,120975,56289,417637,479818,92072,120766,389969,236911,111145,351054,58878,105731,49081,359010,259598,273934,418931,391286,32969,7855,295671,297604,424736,223089,453138,223256,107252,138937,165790,62489,356052,281673,142358,38688,495487,300370,175166,428223,83914,87208,176880,492,115164,440466,113088,182054,315091,195549,88110,108490,280781,326180,482546,7274,357140,54937,404946,293864,194859,276777,188711,252801,398271,436964,158299,21404,430026,370740,53412,430458,472496,420284,16537,348978,399903,519345,36011,43841,171920,396377,501972,245012,241077,271707,469479,180753,138985,246555,266610,366919,172712,206552,85546,118719,206910,63398,408589,68017,399875,419868,517602,238467,153083,287821,31979,37630,492429,413415,494575,311154,522942,361792,158675,8334,245246,379329,504535,370859,54242,28735,264845,290913,310548,286675,187887,458034,448094,69497,201060,116743,506033,160578,65293,95323,141541,205757,190424,115086,152423,257521,475302,2563,486805,481589,149891,85595,45830,93629,253322,230659,313010,276963,408799,480120,269522,377244,404620,95357,451868,6427,126703,209108,338196,
dwarf.c:display_debug_lines,9
283657,491689,462094,426445,259559,82530,347891,428744,48301,
dwarf.c:display_debug_macinfo,10
56368,151925,196316,61420,250375,495553,48978,131513,244951,296792,
dwarf.c:display_debug_macro,247
284089,458065,247454,194384,482517,460986,386343,522833,246976,381392,330495,37346,83292,395853,238179,475351,200420,364601,166510,75496,277383,139336,100818,197810,197847,320857,407572,383528,2774,294819,423451,238935,130723,23170,113945,421972,110861,6479,174902,35185,259204,376804,189957,109064,491137,433685,125477,489884,227580,29146,87432,208566,488139,409972,419335,511503,276911,296739,75775,135312,285398,432925,193042,142788,387287,237860,98766,148725,137184,201371,479567,186482,28317,174771,364736,146716,354792,12434,453874,444169,327157,267305,79880,488541,450439,249296,354210,113621,394712,486619,74187,361007,164401,452526,4376,410861,5860,233169,45620,302806,363046,377490,463593,51207,255215,44891,122585,234093,255052,380974,10450,66673,421425,102052,497264,438816,432672,4702,258841,181708,69447,319170,108209,479019,191307,98401,78964,218069,464917,443146,200691,249628,125405,481053,310240,374015,365072,47433,197874,312255,337870,66651,51444,392936,80553,429967,145181,390320,409639,130546,485559,50991,149171,275337,100589,211939,473962,331005,39023,517479,511448,400821,54179,402928,89650,135121,513748,377265,284537,485677,191619,299297,451918,142411,305668,86230,34474,425170,229616,28183,312997,370188,349417,441088,351479,494793,51517,160104,375818,470089,438119,450027,519082,36958,130431,19389,228445,221597,88454,163242,16587,458744,403550,47253,397077,412279,25086,259213,164639,244291,361312,214211,128969,119044,49918,133068,416034,134611,162086,26089,174918,345783,252098,219885,376879,187519,203568,279372,313251,25672,156415,429675,226265,343458,221862,423226,283627,72497,325429,428174,232270,391923,493136,244087,21137,120980,428500,
dwarf.c:display_debug_str,22
225714,66366,518829,414431,160722,138201,185207,1314,117363,180498,145135,132006,431445,134694,330696,54506,169383,77006,409101,57404,140919,278755,
dwarf.c:display_debug_loc,363
134947,415219,513653,237309,220776,523723,522459,156071,173035,360989,331450,506343,405144,261799,235064,347901,296335,98034,310261,420201,180370,134683,29477,507408,501332,20642,257816,469,42156,160447,278534,122944,222892,336282,32033,15615,127543,390945,441053,359532,193887,202303,382872,66088,465041,177961,210596,269869,521883,442354,314058,242031,83980,74333,482754,418842,289751,79768,299630,49076,372392,459670,3654,492188,287114,30877,343937,518485,381597,428663,502395,492416,420075,416194,193753,435800,168019,100557,52146,172922,478712,416145,476708,201991,478873,149792,429583,200551,165816,520787,33440,401426,279194,373133,46153,146312,225567,298939,448512,512004,83008,335789,255428,313674,104511,256526,218185,339411,111360,304431,210025,158091,488913,89292,433672,291946,214517,504983,115500,366902,80255,357963,232806,271531,361343,501680,502417,482673,68225,355891,124685,494289,226997,284860,245066,38221,226615,99473,44982,279300,422678,453406,392175,343562,459468,438009,298715,399068,358706,343921,287115,404805,254038,448864,350994,181059,460568,125904,521969,264567,120343,517015,62010,420482,27148,500201,97970,303706,360709,126742,432158,436800,417978,172605,507882,348521,91172,522996,208756,49610,135018,25880,406242,60710,33580,430078,495253,309888,381006,280315,395377,468538,445796,115443,362148,366170,190577,205868,197349,315194,454030,172380,39287,289650,440474,260606,150225,273825,147814,201999,30034,482842,435931,293143,431000,339922,305035,261449,470282,240328,72489,173744,181503,294448,312549,314993,16040,38908,437969,36676,416101,181135,364612,16883,469395,172787,233858,240311,269812,220392,506919,400658,284644,450643,247329,18718,339630,335991,118149,490562,85798,80853,485593,210730,331635,289191,442219,312938,80839,400900,202325,467312,95183,197623,107602,276589,302958,513056,154318,495381,106333,275932,425846,226840,303875,310566,523071,523869,8318,307299,361101,309320,417042,404035,497587,8738,111124,103898,349252,519368,434191,110752,34949,2654,307537,159187,369554,284122,242307,309381,14709,295240,78501,138516,205588,32304,439242,24179,253390,517458,336786,180990,96576,444361,104693,30203,23285,245236,200293,5251,517348,521373,180612,382206,48097,470643,3446,42648,68170,438906,192175,292266,270264,317246,396966,352151,360053,298040,370501,450380,7047,279194,524081,110515,284564,240826,494243,167912,22018,186489,283368,284722,363589,135511,214433,104112,458339,231973,180862,1807,367623,417878,251438,
dwarf.c:display_debug_ranges,97
53510,22374,168153,254352,424876,511350,303455,97702,422976,266587,489885,473151,388587,210038,129776,343681,210644,423287,147509,307385,247005,84196,495943,433740,213652,1006,99200,146654,266355,245678,293880,55130,431126,359034,107481,102445,436579,380658,368540,278578,466150,237155,229453,4563,216214,367652,315312,490331,376912,276497,467209,314591,41296,263447,461072,467741,297322,443998,40130,498296,174514,242150,240154,187688,8984,52883,318840,331406,14148,245684,88302,353867,369746,388112,197850,141932,179492,337902,67989,512425,465488,28878,408495,95888,430849,373575,6422,380488,476732,261757,82144,522659,263485,156995,337576,408447,186152,
dwarf.c:display_gdb_index,84
14528,273322,493002,451989,174747,21157,310292,275260,123896,451452,94753,458542,522123,396880,26319,319319,129104,151264,248237,440109,13088,453932,434867,371143,38022,156744,488956,384524,362828,368785,315861,429995,232170,18497,135936,379103,395584,472405,513653,340639,93279,160162,64093,20450,277515,291781,28764,514054,254459,217053,466869,15132,380616,120041,282510,397368,433776,433737,53641,400503,319135,400245,365485,84545,398275,486052,373466,154734,464434,75488,211167,74157,506100,94237,437794,366610,138449,56252,108290,75304,442395,323134,13965,521368,
dwarf.c:display_debug_names,235
228355,176767,21138,35890,234531,38403,100579,380678,123292,218676,53439,213860,331048,263119,490574,299124,332769,109876,202528,356857,275893,60808,275986,91213,354128,106573,79581,379113,333140,231355,378144,494068,482083,16244,225422,73094,244074,353500,51100,395050,230315,288507,297770,196238,261277,406049,433786,301759,455486,27617,166817,133648,234614,406663,407574,166655,254761,423497,74207,134866,523042,450617,392457,299833,21804,480277,428162,75224,52498,424202,235024,49385,521732,518029,44042,407135,145235,475336,37265,337060,54044,247690,382687,96406,280513,370969,62890,481035,368948,131985,79096,455787,348297,237736,133430,444631,343558,145393,490947,112854,238120,238421,379889,361345,145658,113252,508163,449086,451588,193446,213042,248204,281822,234269,111109,495653,306658,125952,404956,386809,456341,251080,20525,248101,338412,8555,31049,59479,126069,37065,116584,62120,218217,61214,151082,125211,423797,523352,27882,392148,164424,393462,133175,508345,222402,496423,29552,237942,222328,346655,222892,456546,323871,42435,178487,193760,310999,14097,515876,179131,19276,28689,185522,296598,41500,256973,66545,386793,120553,217881,339524,117663,474576,46121,129914,155867,376520,198019,451188,445605,89295,232792,367521,21968,237,262826,127204,465996,512250,19369,213083,267067,359792,103069,435415,255092,202676,156263,58893,9695,418082,398892,128723,98490,328431,234561,293095,82541,442426,415292,209997,353977,109693,458583,164184,227718,216512,78976,442923,461920,295326,264292,149534,192734,8156,421226,229835,106538,236868,508116,509112,459031,313868,22283,191186,
dwarf.c:display_debug_str_offsets,2
479570,132108,
dwarf.c:display_debug_addr,20
26359,42120,349315,302831,268429,497169,347908,415801,86513,18994,77673,34976,41078,59871,188387,215936,473622,433839,308333,20615,
dwarf.c:display_debug_links,11
220762,427442,203245,376118,195293,311015,203686,372923,47865,241126,100487,
dwarf.c:load_debug_section_with_follow,9
450999,190830,348471,48646,27350,362582,313790,249460,331297,
dwarf.c:process_cu_tu_index,273
36444,193433,464015,484895,474863,223846,134507,100884,511108,300213,294153,304874,258068,173986,259996,427994,99020,12283,139208,26340,174624,140846,400744,110181,166797,423031,213670,69109,297994,454979,224090,330143,455825,361858,315316,160528,114097,274784,18816,378117,271072,122275,480478,432193,434479,287886,197282,457392,436167,199564,158873,192848,137179,263523,328310,341609,394213,35549,130981,80299,306339,175454,461927,108152,403521,76714,143521,311076,212907,436695,167664,92024,193613,387992,71028,365766,312188,356701,125492,99346,248282,42832,445623,148215,404220,151172,314639,85185,370770,308558,417180,294878,166970,454908,67858,297187,206026,183656,169640,261605,392494,97168,131686,166810,131242,419966,101118,229214,317849,36262,189800,177559,149181,523189,168799,368393,148995,219851,123626,258849,337743,279002,345085,182661,143763,65,28084,205102,14552,496086,464509,220356,281464,369898,302582,135670,258988,30610,398601,218431,432194,351639,396120,113256,236457,69735,425246,265896,206012,63225,215966,100343,89280,30451,344224,505957,467378,188120,365762,225595,386431,254611,61135,469811,107725,251453,207644,274358,482749,260517,29404,30527,51206,311706,520024,494901,308344,145268,221443,112338,99540,128572,191299,79820,183453,452445,58235,185352,177332,2122,510072,30947,197959,139320,267006,224283,91162,149442,231498,432222,45311,103521,319064,212988,261644,145176,187846,17268,352338,280920,408247,461603,333770,257582,316020,455932,1608,464878,324039,292780,368688,308823,89791,418052,482680,12897,155599,341760,36970,6062,240571,190033,497160,38563,284201,358306,245011,160848,468933,252643,229296,269676,215753,349977,162202,81425,293746,120664,402082,39242,490570,290597,16102,21807,506058,388072,15703,71674,220608,484179,253403,261296,312774,289480,16900,352564,201984,194476,46031,178834,490734,238869,176079,
dwarf.c:introduce,8
213605,207907,255210,214812,484171,374180,193867,53799,
dwarf.c:process_abbrev_section,36
374263,141017,473869,260736,214850,171034,209332,239975,219512,72146,384904,466942,290257,69863,183626,506268,379445,78054,310046,457442,41684,454328,451301,149666,93609,96961,508770,299012,356449,234577,492538,49389,339555,152435,466233,125921,
dwarf.c:get_TAG_name,5
189778,234646,225976,263317,81836,
dwarf.c:dwarf_vmatoa_1,7
273810,399893,341059,417411,247842,267905,209069,
dwarf.c:get_AT_name,6
424675,208485,447094,350250,390368,229375,
dwarf.c:read_and_display_attr_value,495
444921,411642,328683,68789,209700,436343,461196,488484,457129,287986,10482,199848,306590,45872,86420,264728,243653,9523,313247,252337,488160,101482,324290,105594,238945,90359,365763,182716,316019,320737,503836,409492,213259,271250,497328,878,163692,361981,168040,220826,336867,132124,77106,326409,19141,271276,184035,221891,51208,399513,492440,485450,502753,95540,266431,29202,103264,257353,476167,49207,182332,493997,476964,239374,160453,28133,514991,260451,312439,115673,148069,133592,306202,431704,450420,229101,277107,474832,390411,233668,304518,155182,251097,264390,247336,93830,651,122452,94080,40646,510780,128678,468557,493383,269141,361257,464565,344592,407785,230622,464758,1951,27586,247974,154272,141880,34079,404364,349780,313029,51935,144004,142149,183586,49003,156480,214372,454882,282835,363626,467188,53583,251776,479616,307120,171902,418355,351268,280215,61863,424775,318692,376774,356818,427855,48140,177374,347735,35384,506419,47132,177271,469939,501704,14818,30798,257622,30164,74489,245430,58851,348813,395294,141088,475324,248894,277252,463656,430417,448771,480351,360540,304771,323793,253400,357318,338506,24189,354103,115903,288497,303308,266675,264366,159460,93752,144130,329208,320710,303874,173649,362073,318747,197379,27253,453702,153792,357212,475398,68984,286139,226093,92742,354883,159727,463274,271374,321243,163034,214396,307617,506038,376533,357588,436253,438214,65022,104086,171033,46928,69150,139848,286973,406358,455426,116007,240277,175876,436720,420167,435749,22501,474113,134247,61268,451619,167089,470943,3983,379783,449480,173876,69260,257992,358929,330377,487965,246874,479466,34361,38009,146865,28873,134873,446534,492266,486159,12908,491607,12823,424772,72350,171790,301951,176058,143415,298006,419165,383801,359735,20119,153486,469568,13121,437295,238847,369144,201940,106134,143615,315916,496259,53023,416513,420887,218584,55386,422997,14177,437553,462063,264963,463310,323567,446507,327348,229925,327770,166167,195484,471956,503774,261852,3721,314314,203214,69099,34722,410793,53277,301183,46859,155656,289768,70337,384591,375034,21060,242272,388627,466057,284389,11443,18990,153112,230960,452893,461116,128161,406085,187561,216503,106177,150905,262346,380749,82798,214983,459961,516477,306241,18792,500969,319107,182217,303340,467293,408086,233119,397633,49948,175292,394944,226988,99961,419402,442327,116760,393815,523850,112485,421522,298458,104673,340024,502755,232112,522719,19747,433385,444598,1623,242406,257358,29964,163677,35535,197939,366232,341282,280631,47652,473509,91224,271504,88677,328821,30163,208685,158872,20154,381098,383461,389682,357362,407373,2138,102162,501109,444615,193708,440139,99306,45181,233536,22352,2315,309379,458199,86893,381450,404980,425004,334947,176240,125863,264279,368191,512017,147288,93138,474956,48802,481230,434821,273988,13814,151283,137534,316356,217217,159435,483933,320794,416711,168641,113435,81015,379357,144951,81794,57586,49331,10139,170812,500640,244426,345238,139126,151446,85538,17110,439397,361211,136084,60069,400814,313486,326526,112723,125832,361080,224862,50042,323774,395537,521576,83998,510774,206863,427083,340448,384589,229467,453272,159877,431265,425075,178699,495828,152317,387498,255437,62002,392417,364493,11511,74534,310300,58639,121903,294100,215186,160719,145716,372071,499337,447639,182489,472410,254220,345830,493269,137543,200077,
dwarf.c:get_FORM_name,4
518565,414698,350860,483265,
dwarf.c:display_block,9
499482,119551,402727,58258,325087,311433,291365,61536,307096,
dwarf.c:fetch_indirect_string,6
8984,309798,116533,6754,68165,112540,
dwarf.c:fetch_indirect_line_string,6
344906,131835,434999,34770,336354,209716,
dwarf.c:fetch_indexed_string,18
108778,164864,89700,200832,392311,307746,290418,515787,147826,385725,191773,432903,3548,71453,303243,463401,257962,58048,
dwarf.c:decode_location_expression,343
51649,446347,245224,428516,20017,369938,524055,136289,224648,294025,512577,43810,122360,179266,86900,203697,496195,58221,355562,228486,382465,19136,305511,49484,200329,234068,184700,480151,260802,163094,372443,486252,492549,37194,506923,175115,339816,223044,349676,126912,91750,214336,114571,59222,305328,198789,64821,497834,180939,356905,276421,4387,201984,212990,499961,53090,176594,343874,437625,142252,101125,372149,501794,199028,356436,322021,39379,200520,29552,268736,229124,72649,64965,172596,295331,196968,131601,38115,390525,267554,268790,331243,391695,25244,420985,426473,91520,7252,391357,134788,494697,34570,376586,211118,309829,465497,19671,362500,279928,308327,157438,302447,185347,405443,489547,214817,347701,37679,322073,442823,203182,161946,132196,109932,387903,64462,104484,270011,152320,342247,167111,53248,282164,190523,339724,187564,493090,241472,349668,513123,245376,234337,420206,115403,131228,165818,490427,288863,309993,328253,64157,144048,341039,133958,212636,379704,176091,283584,69814,120248,332350,499381,505132,22505,219055,416267,342288,316171,421547,325460,48636,43620,270629,296737,201904,17198,178764,308455,256248,450446,157432,234227,378452,134472,476241,385607,116520,225316,232143,203306,414752,444013,212796,228837,34854,420060,497421,167718,156111,103009,237835,108653,393555,217218,331735,11170,116740,291428,159077,274294,150973,386217,300066,475693,331838,39953,18743,399742,482576,513709,513196,512223,455776,435185,275340,284496,355258,26133,176072,62926,31952,29009,251486,462994,521423,499797,453007,91691,242807,475060,187780,420174,381693,149787,423845,17101,315592,506493,474861,252564,373326,458039,191518,162253,28031,428186,348294,234562,246091,239178,72774,77157,302389,431157,504561,200670,387508,131358,159863,489064,406637,403707,192746,436344,498331,60197,407513,435184,196717,438576,501488,6303,249379,419446,431272,72849,252897,19978,66250,360193,83268,87110,33458,152107,340061,407166,181353,157681,26842,315686,437062,247449,340804,87028,199461,447347,343324,249222,8177,82670,467724,141211,379018,31233,351731,339687,211167,430178,330275,434738,440139,288177,367968,111670,414440,200095,159889,482665,115910,420479,336530,207859,298727,51093,106667,110163,319342,281695,411452,14879,63418,135193,31992,237926,83181,91255,369996,443121,412864,249151,455758,17763,233367,
dwarf.c:regname,6
413834,168535,422137,119399,455260,126613,
dwarf.c:get_encoded_value,16
299293,303016,105218,165376,293160,518266,49196,377338,176261,366417,206949,494521,242618,137841,241024,342489,
dwarf.c:load_debug_info,10
474249,406578,269942,79231,101619,56838,522946,217775,520593,240726,
dwarf.c:find_debug_info_for_offset,8
70569,308053,300592,486779,186061,33357,426198,191202,
dwarf.c:read_cie,93
487602,210666,343643,215749,177392,517220,493428,376953,444618,352898,82325,238250,96081,404408,187256,169843,341757,215504,123726,503414,340489,474817,205717,349339,488200,346970,493338,314623,332541,63123,266067,146079,89189,244648,268548,514034,195833,394379,267757,3310,397380,277907,411214,431562,262987,214976,203365,88302,198351,505469,32437,27361,435491,105532,116882,410631,459124,356405,232493,41229,234077,500246,92972,205708,397211,233935,157818,133630,158748,247982,348005,265605,298576,104603,361401,502262,402037,508633,18193,262045,376944,320764,232988,79495,169268,143079,461803,275827,506406,242873,1975,414710,174779,
dwarf.c:frame_need_space,16
374735,64822,84088,84185,452240,334958,184622,334925,497213,212097,508532,104895,13446,447964,510884,302925,
dwarf.c:frame_display_row,30
291428,473823,285225,256081,350894,220624,46691,338929,303703,268368,220953,515065,480135,138268,12909,303774,284652,155567,287030,258766,478400,124864,510653,20419,490531,53727,137764,421595,483246,36054,
dwarf.c:display_debug_lines_raw,161
476769,276205,68849,282723,319133,469515,496593,274049,9596,248738,58968,163035,346970,290343,95919,277795,141937,285534,461485,42378,61172,5288,57697,516435,49517,43133,19062,305218,266512,147672,397671,410831,455181,226108,216048,124421,256092,310697,409046,381084,19441,42761,106098,404536,419254,210753,453388,307958,269375,252372,278265,238355,506502,323859,327608,325535,80585,385552,191989,35006,293721,379592,343056,82815,173041,49278,187692,461376,312397,36878,441603,462766,206422,184583,65543,485366,465349,57798,503934,372261,475800,79706,184885,309110,277741,88712,184113,192956,351221,264659,72841,251741,42121,298020,450152,174454,43244,16580,270954,201124,147390,219464,317026,197752,265673,36437,163861,352417,73430,227749,272142,400959,132076,19228,218942,427439,510188,173548,10748,446886,309424,90648,247214,154980,44926,319938,260645,108166,89861,271465,347746,150847,297231,112285,171408,60113,518207,429830,69538,37489,443251,431532,29749,48043,142805,428413,494124,299910,379368,50759,447079,507321,261634,157843,473385,445637,28471,47670,368293,177830,415221,
dwarf.c:display_debug_lines_decoded,265
477362,136928,127836,140892,18497,289469,504681,414394,357988,333568,231553,107932,420260,374936,463035,155758,126638,144807,284695,433070,349383,304723,225067,468013,34034,338105,115045,20522,397974,84821,137039,228544,8978,518151,134762,72577,100897,289634,47843,384732,510652,347464,120299,112428,239156,330707,437828,115584,408314,216191,12093,502934,141782,438955,501639,271502,497949,65126,462664,87945,374803,29439,453616,210862,254470,356432,191534,379555,79071,522941,69334,20138,364833,136955,262818,480741,119265,401677,130915,386237,515304,127662,29171,515867,277151,164665,260388,389480,270068,404143,227048,121932,346489,394907,87572,338503,475237,261139,449094,88363,242952,24155,437832,79986,415783,192210,320439,464856,313463,95757,68044,479624,376137,523403,469194,502901,340507,166911,416403,437663,206739,426441,419728,145531,178198,85651,151261,265236,257462,304054,351830,390227,285435,422100,279748,485449,441060,489378,230324,21116,351909,130477,147754,506281,135777,83297,44426,131368,506375,507411,364655,224035,331887,93640,299746,446446,221523,106250,448348,250205,374290,23156,282740,224289,183704,2375,151697,305499,415535,521507,513895,318360,496300,56119,512853,480198,115539,257283,133591,138819,164697,341367,367604,275690,521717,449844,192287,198166,144239,60372,36322,495660,519638,25853,185940,446237,305866,142743,385895,408033,167054,370361,53217,523641,298525,330261,76008,486709,6000,200300,152946,18289,385566,83706,55177,106211,301040,57285,520812,27426,116364,105609,135032,263731,56304,332973,61992,143774,512295,170445,194931,265416,228940,325941,379340,520515,186766,163789,169867,462830,367263,435422,98490,352526,282389,129681,275339,449004,193512,205457,79736,19981,303520,64012,87002,175271,274070,359232,141313,459057,186154,376735,459548,441486,27820,
dwarf.c:read_debug_line_header,116
177337,324339,374058,381088,52671,440624,398067,314347,38678,420482,355075,37898,19555,508973,101931,59408,120061,476586,487318,407901,277188,243643,514644,383978,489363,2482,362522,3384,13538,318830,574,394737,237697,90466,156133,216429,298316,60000,493775,317707,199864,254712,360569,420175,246165,489577,68667,367374,182774,507091,431919,247941,135017,494620,227632,39066,83940,465594,27586,294328,51910,520490,95356,426941,297128,92749,84689,410706,124344,324210,144789,255185,132766,148950,33685,434103,178608,206173,269593,27806,518571,247192,461246,298679,514649,413279,461878,363880,340667,230709,431822,459948,46542,360107,250659,358569,508469,323916,215085,506730,196909,340597,15609,204857,168733,206341,51803,162409,283834,414482,386142,255149,330237,291463,153084,226481,
dwarf.c:display_formatted_table,55
145339,484494,222980,517226,76341,467980,341281,226491,104330,111033,365448,336508,420959,192432,377589,399750,461704,159590,731,27822,351807,205217,77616,269628,24105,148131,222556,36664,64035,168983,123722,440265,404401,221534,228095,482205,220871,224415,70555,480434,350417,484214,64629,167912,225687,46001,381341,410547,37546,142299,357150,321256,263351,352220,515427,
dwarf.c:display_debug_pubnames_worker,87
428566,412645,390241,385083,81651,370762,435891,89630,489270,429944,392818,207498,316539,211170,280467,452838,19578,48951,294182,443686,520517,503485,517975,229983,196004,65952,398445,254320,220012,335167,143513,160937,80625,48623,119635,226352,258181,23696,274377,210539,389318,10627,25653,454171,206150,221857,4481,512755,68395,459914,5112,303894,367528,515162,56982,63710,477904,185488,339284,224935,380422,370810,305299,470010,396368,37436,43326,140485,144632,4183,332773,123627,142230,265660,424486,502662,413100,141236,184174,43517,492594,457734,422283,422487,205291,244242,494564,
dwarf.c:loc_offsets_compar,2
300167,152696,
dwarf.c:display_view_pair_list,23
69734,7846,333515,397292,90769,37422,113432,215239,17362,120810,155862,342232,339878,243685,425016,157296,449275,18570,61801,208967,473041,286857,252118,
dwarf.c:display_debug_rnglists_list,72
109064,91043,185042,31687,122721,315495,487323,238499,186685,285475,421990,96830,499847,353058,107768,240226,350369,446706,53887,14110,325672,18727,21541,409039,420713,413482,517503,425084,31607,231191,334744,356208,278399,171949,232732,508894,515664,322824,260560,221144,377802,475401,96362,339791,105764,267344,518112,77046,377891,80221,435054,120452,68161,439348,126563,485707,246542,351094,288729,470873,213293,310714,313194,479341,112467,253132,100102,449664,292572,496985,500928,399213,
dwarf.c:display_debug_ranges_list,32
370936,41798,392618,5584,202312,288740,179771,158015,279068,315472,260444,23146,81284,447865,454248,281106,24522,436275,311287,498763,233869,504818,507009,181591,25405,116672,213623,314579,135662,352831,36658,366520,
elfcomm.c:byte_put_little_endian,6
150367,464113,151794,501299,369991,53647,
elfcomm.c:byte_put_big_endian,6
69324,449022,454624,386917,311966,478272,
elfcomm.c:byte_get_little_endian,9
412084,410846,342198,19189,443984,389713,425773,208512,56218,
elfcomm.c:byte_get_big_endian,9
516604,264974,86234,268842,392228,219443,168815,247732,339086,
elfcomm.c:byte_get_signed,5
166005,33919,317290,157193,266069,
elfcomm.c:byte_get_64,3
490251,103577,447831,
elfcomm.c:adjust_relative_path,17
399618,39574,482929,200693,253726,285324,424881,42812,458397,152300,500364,470174,150911,40145,394417,98752,497754,
elfcomm.c:setup_archive,29
413920,45841,110191,459833,276738,495637,427024,396282,156858,364530,90216,14594,245642,94050,154471,482721,523911,134428,303843,505330,430399,375844,382138,388172,95909,117454,219568,316487,16772,
elfcomm.c:process_archive_index_and_symbols,35
285317,478053,215346,248025,63202,419747,83874,520924,134705,183269,393483,227005,465304,118698,387496,143752,306713,392275,50905,347545,143593,158352,44574,162898,9475,177869,101058,389608,327160,299578,119488,338893,16560,423972,322893,
elfcomm.c:setup_nested_archive,7
181574,490233,169666,494915,189798,154444,383060,
elfcomm.c:release_archive,8
248254,297577,232398,241494,516199,253799,262980,75937,
elfcomm.c:get_archive_member_name,54
400712,3784,73150,377176,506015,23879,410355,391674,131032,185448,237831,191029,483042,238214,74024,283319,47375,317106,460555,164302,212681,54166,70832,233070,86515,41007,321172,29801,152576,501660,57879,177049,23508,225779,139861,402057,53974,451291,377775,326671,54303,264350,75426,131114,37879,454603,369179,201012,77231,352462,292584,45347,162167,471364,
elfcomm.c:get_archive_member_name_at,6
132424,479945,117137,37916,514159,420566,
elfcomm.c:make_qualified_name,14
277517,123508,458245,515095,227023,228280,49213,341877,245979,227034,38413,40843,402699,348114,
prdbg.c:print_debugging_info,3
225444,124860,209092,
prdbg.c:pr_float_type,5
76795,358098,170672,9983,118647,
prdbg.c:pr_complex_type,2
450140,70084,
prdbg.c:tg_enum_type,12
346688,87488,401788,247079,473606,454375,280983,347646,17965,153339,272208,362584,
prdbg.c:pr_pointer_type,6
303889,292380,375316,515886,95775,396745,
prdbg.c:pr_function_type,32
246077,521176,314381,370158,506212,36863,93669,375953,514214,123782,171194,523557,254338,219938,69955,323388,211931,511427,247253,73101,26525,229066,300167,486073,294982,59621,501729,488398,49758,57604,276444,435745,
prdbg.c:pr_reference_type,2
176981,490400,
prdbg.c:pr_range_type,9
255894,129123,149179,402615,438922,215152,449967,151504,333663,
prdbg.c:pr_array_type,27
134899,299662,503135,49207,15906,313190,126135,21232,327216,89161,95470,45655,213411,61107,398742,480529,253904,201856,307722,123057,477253,305646,481043,334359,497290,489515,427315,
prdbg.c:pr_set_type,8
379094,506505,481353,310684,390313,169210,273052,318946,
prdbg.c:pr_offset_type,8
276272,308068,351011,384509,24508,60315,425984,618,
prdbg.c:pr_method_type,49
79781,196704,363796,474441,23401,297703,72007,168275,364272,405910,216879,352079,99355,231123,375737,281843,214577,492366,461648,283907,37595,257214,149684,457882,377545,180664,81347,311524,420850,181755,250100,203530,417857,518763,89840,315978,335705,237037,474394,475057,510135,397788,139889,247898,203383,308751,368963,393873,159602,
prdbg.c:tg_start_struct_type,10
93462,142443,376877,458345,439249,260258,211815,521453,313300,270339,
prdbg.c:tg_struct_field,8
173506,466563,402918,470250,49483,136564,355006,28097,
prdbg.c:tg_end_struct_type,2
232868,297222,
prdbg.c:tg_start_class_type,28
370607,13561,279297,143450,147780,105220,363224,279255,358734,514357,330782,26874,405642,369096,17127,262052,175222,445868,286339,522830,478820,231118,151258,35322,211304,393922,152025,179299,
prdbg.c:tg_class_static_member,10
475769,147602,166138,356342,160980,271593,342953,357151,373897,90953,
prdbg.c:tg_class_baseclass,22
50068,510861,151666,279170,277004,337071,482578,197093,370040,465789,307070,454051,483229,423220,350897,333707,116160,138049,176487,47230,351401,157689,
prdbg.c:pr_class_start_method,2
344687,434120,
prdbg.c:tg_class_method_variant,28
383930,197171,64428,292447,413850,356208,181264,117136,485907,40963,148116,67311,472495,284921,55495,483334,46087,81850,283153,133884,41389,413174,131432,520078,261207,231159,124947,384553,
prdbg.c:tg_class_static_method_variant,22
523470,366049,339940,494104,481314,496542,425964,412894,71944,165720,307802,296428,198264,454044,301769,396365,459497,355630,38935,136889,377112,236140,
prdbg.c:tg_end_class_type,4
215282,221855,426526,490603,
prdbg.c:pr_typedef_type,2
24797,254761,
prdbg.c:tg_tag_type,8
266043,21984,498827,344476,132189,184898,501264,167085,
prdbg.c:tg_typdef,4
430930,108590,3683,409151,
prdbg.c:tg_tag,4
193732,115961,113922,441591,
prdbg.c:tg_int_constant,4
30951,423489,357637,439527,
prdbg.c:tg_float_constant,4
419496,136662,421924,226274,
prdbg.c:tg_typed_constant,9
182684,450492,141021,92288,186534,28994,54683,156133,409873,
prdbg.c:tg_variable,17
91126,299012,208761,106503,66406,124883,332706,103256,493935,69978,54742,270185,32680,30034,410503,244147,158841,
prdbg.c:tg_start_function,20
507995,213093,188738,94349,47891,96900,161678,395424,128483,488168,9614,199248,185373,479555,62805,448393,481711,136722,416697,459782,
prdbg.c:tg_function_parameter,26
133840,91447,98942,2887,412749,101805,487616,462012,386518,53934,7100,495836,115237,110685,339342,472234,78575,244413,1976,404943,214067,312801,283514,326097,143516,70780,
prdbg.c:tg_start_block,21
358071,115141,150598,480955,272006,438835,468295,3811,406260,360709,391214,273435,399747,296185,455276,169592,409293,238079,510560,1257,99360,
prdbg.c:prepend_type,2
84572,74765,
prdbg.c:pr_enum_type,27
513638,497137,52777,499281,514504,401457,393716,129079,97216,323754,49689,5754,44016,491038,148481,216971,522541,487891,29596,377243,313337,306214,62570,221786,449379,495083,331278,
prdbg.c:append_type,4
25726,81664,503883,33992,
prdbg.c:substitute_type,14
367977,386387,83275,270178,435795,190644,241993,128728,413001,485031,28599,360346,143027,46801,
prdbg.c:tg_fix_visibility,6
147867,319189,113038,323138,72983,132545,
prdbg.c:append_parent,7
128255,202212,52115,309739,384759,324625,38215,
prdbg.c:find_address_in_section,8
467683,78405,303865,70990,217830,280054,380343,85708,
prdbg.c:pr_start_compilation_unit,2
337528,311789,
prdbg.c:pr_start_source,2
59924,346393,
prdbg.c:pr_start_struct_type,33
304733,115858,95935,265754,335316,29527,46145,213660,284547,280655,322464,129202,56038,151157,280607,485626,180126,166124,231269,315392,251750,157192,445437,37582,340279,346298,160312,274160,392203,332313,398579,209576,370847,
prdbg.c:pr_struct_field,27
330479,283290,120127,466503,308648,123883,69061,140180,78331,366572,516844,253521,383010,94233,182230,443998,18621,110005,213754,416067,439873,344345,479826,400005,260731,386360,476777,
prdbg.c:pr_end_struct_type,8
53868,243406,403798,88894,414058,2221,246264,51996,
prdbg.c:pr_start_class_type,53
214090,153706,476515,518673,143113,70234,508403,120779,358223,186085,265534,36953,382495,155080,255150,242514,174658,503388,505465,479119,228602,129477,47789,250701,90154,119457,187478,510992,195585,150156,348862,395688,264604,126118,348274,370072,106015,265305,225518,35528,428506,147072,311395,137382,275561,433429,155921,99368,155330,142019,306436,31904,487353,
prdbg.c:pr_class_static_member,18
41967,288928,504255,232480,284843,260815,2280,185475,112224,216251,237634,437079,350897,367457,107390,155722,519105,226852,
prdbg.c:pr_class_baseclass,34
113509,101823,478919,296289,374727,392621,298874,174256,456165,391874,306274,141287,41277,38733,217373,10878,200629,204947,475339,112173,458713,288443,65091,245520,25459,279743,348149,221110,193752,425520,1141,217720,24811,357031,
prdbg.c:pr_class_method_variant,56
399615,301641,449711,43052,4208,511770,401678,361400,163968,90677,318066,244558,428307,520977,360657,428981,298637,45737,272131,214574,377362,306006,469282,480292,201341,466683,38591,314326,124943,395729,140448,197296,506757,138858,331824,6651,31202,439651,455775,85159,442338,127947,214507,423540,229001,300762,71116,284247,216804,308185,252251,209239,103205,259649,520258,167521,
prdbg.c:pr_class_static_method_variant,33
372362,394950,213454,402031,64896,287617,152276,189598,470682,393421,288332,482098,202974,426231,37980,112965,364933,472924,277830,496555,4885,478739,307461,1954,117546,452501,473747,273128,103483,351378,244536,27519,447971,
prdbg.c:pr_tag_type,13
139281,326823,19952,371433,488870,118453,408462,361911,117590,222698,463804,41502,467646,
prdbg.c:pr_typdef,10
230950,371219,471320,356147,97762,81277,350503,99514,12396,180668,
prdbg.c:pr_tag,8
320363,161390,164688,344955,391800,492228,259190,253097,
prdbg.c:pr_int_constant,4
325373,480079,461056,368042,
prdbg.c:pr_float_constant,4
82927,231939,451244,469631,
prdbg.c:pr_typed_constant,9
186577,266093,207639,33168,375074,173614,340269,316199,511668,
prdbg.c:pr_variable,15
40201,309058,211419,351512,487309,331678,1500,15097,345233,354353,297888,379511,315116,373926,336846,
prdbg.c:pr_start_function,13
379018,285454,261002,31486,415943,366695,427160,217301,111500,140706,416648,146705,385809,
prdbg.c:pr_function_parameter,20
467363,44560,72465,132680,63079,330504,481909,89073,445493,168223,434204,176752,221289,489217,340984,305527,61897,39693,249378,492281,
prdbg.c:pr_start_block,6
41769,407022,520656,323707,488042,56079,
prdbg.c:pr_end_block,4
247366,448580,301945,312361,
prdbg.c:pr_lineno,4
239959,402701,443687,436218,
prdbg.c:pr_fix_visibility,17
90481,481234,178420,131640,335777,92362,422990,173201,381274,90435,511003,277572,496396,4243,74093,60285,320385,
rddbg.c:read_debugging_info,105
350489,407448,201377,166449,516006,449410,191140,268696,197497,81796,205379,411841,228967,451673,78667,171742,465205,51739,353292,295077,211579,216929,65649,112382,314097,86754,203326,88905,71158,314147,431018,54694,16503,514230,324621,190517,505220,414631,368783,309727,196903,153780,370788,308234,258976,67484,59694,13354,228611,445992,288317,40857,519667,315830,458214,522755,497750,6771,394933,261908,413099,295328,451570,24703,311979,184838,58629,345257,156895,418171,238068,221651,44599,31492,19139,44866,98505,380744,124588,181681,351854,512576,67926,464492,470345,315643,250726,395656,241428,210570,196262,168518,71342,320555,430421,108210,344468,144183,430045,112929,442763,35940,441579,464527,334458,
rddbg.c:stab_context,11
419287,406245,301199,88492,149229,75416,252614,353939,307991,481185,111510,
ldmain.c:main,151
221038,368220,305156,363504,37166,165343,449704,221068,311430,8643,264395,341064,505401,336691,280288,442172,33258,172266,322075,387369,399369,138079,355666,148742,416569,228433,75873,228926,256745,336870,501217,514072,16571,348601,173533,173599,240108,373400,146537,214294,155239,195494,487937,288100,465749,233140,355437,452865,384975,186367,488862,82835,147357,276168,454090,332713,408902,316155,428340,68659,180649,288192,436,383808,493949,419631,405854,138917,434415,322819,381259,449259,135164,114138,321093,409019,484596,513542,389693,346155,418949,293589,219678,329440,323303,494022,259215,446149,135832,433597,218796,434381,491251,139849,272409,191723,203215,467586,393531,28410,400709,372822,417139,5729,330682,485609,233366,204294,295049,32698,305860,210241,185447,407681,426278,247237,434236,438336,390454,355771,359103,222038,188507,268511,246188,2439,1343,12548,366219,241481,332032,46621,60202,44780,404735,123217,193356,307732,247300,341131,353164,521249,31962,17010,429738,142103,222922,479464,149394,209492,400508,
ldmain.c:ld_bfd_error_handler,2
269391,153677,
ldmain.c:ld_cleanup,3
451439,104790,370178,
ldmain.c:add_ysym,6
87565,288175,376649,517709,39389,519583,
ldmain.c:add_ignoresym,6
324249,21147,474715,503484,39061,420511,
ldmain.c:add_wrap,6
301423,69427,91657,339881,282458,298749,
ldmain.c:add_keepsyms_file,29
408953,416919,427696,186365,362685,177013,438152,139760,404797,145663,383646,63859,130408,130237,507508,23398,196870,316228,328244,327935,185818,479754,136870,52607,131211,199312,413360,465873,142623,
ldmain.c:add_archive_element,44
432347,500809,518017,371775,273669,288262,342372,57977,49474,393066,212227,300351,514846,150423,208905,3966,418890,48422,153879,198288,71640,504865,436343,187563,233402,63611,56330,332881,29098,503320,252062,354968,487774,34995,299299,20625,195546,260663,39758,69130,504568,194502,496704,83500,
ldmain.c:multiple_definition,24
486399,239518,45531,360838,473588,126382,104829,95250,148210,407976,279852,461129,85560,296744,134438,59490,442776,310722,369206,497324,18818,42817,246426,424022,
ldmain.c:multiple_common,37
493981,58317,260528,509678,126501,404064,138090,357488,238275,20598,291195,401700,93053,433660,58297,209828,116816,277536,263303,199145,20773,126455,18188,215442,103577,339658,229676,180497,137300,137921,423263,223588,91606,393136,239763,220425,146914,
ldmain.c:add_to_set,6
419399,306535,421567,346595,280597,454007,
ldmain.c:constructor_callback,18
374712,26676,262618,336094,465731,463043,258321,402572,439054,301338,190301,444719,493698,324517,319009,186813,321257,157779,
ldmain.c:warning_callback,22
139141,21505,397286,415163,138778,85778,318645,387710,470702,72239,50880,165831,126706,15035,41846,507550,142401,261571,489316,146719,445893,157351,
ldmain.c:undefined_symbol,33
95327,224910,328914,481854,169618,225396,476042,219999,413246,174588,208029,46759,64318,276863,425976,226175,454987,38757,223946,115120,119720,165601,56660,65076,64574,501266,151536,445660,217215,201779,108162,115919,354751,
ldmain.c:reloc_overflow,21
298476,150999,447974,229825,342195,474889,232103,122647,287779,232818,490039,407387,44650,71196,30124,315246,480356,217908,212677,493331,209930,
ldmain.c:notice,13
437855,459107,126827,310399,431750,285392,443680,306111,490611,416535,140547,223527,252358,
ldmain.c:warning_find_reloc,19
281901,466789,141045,409578,416571,298463,371763,478832,520775,462909,388812,114546,186514,129375,89261,321958,78847,338707,120527,
disassemble.c:disassemble_init_for_target,2
314667,23972,
disassemble.c:remove_whitespace_and_extra_commas,31
519447,175544,318100,28751,491164,481339,396681,148102,343469,100789,392567,264906,142337,104067,452499,339763,333984,452570,480298,152717,5833,331995,264105,431658,343332,354547,4998,14879,328950,80053,246986,
disassemble.c:disassembler_options_cmp,9
180531,410836,184479,65848,289733,446965,474196,53249,270070,
argv.c:dupargv,10
5415,339197,315962,418254,328162,420064,437976,242976,189194,291012,
argv.c:freeargv,6
387432,23083,174327,367144,42603,43621,
argv.c:buildargv,45
408255,296827,43572,108907,59528,511776,177513,120692,72362,40290,17549,381003,332289,287932,375801,422911,190084,459698,386244,81102,49001,418989,299055,68934,427097,306924,172598,112234,387498,355491,207432,498780,449565,106884,478508,233006,256577,229735,143101,402762,407894,490557,349037,36803,478670,
argv.c:writeargv,21
451259,122121,35043,335653,358920,329914,293094,195346,93548,297211,384357,157420,237021,429130,194416,141831,21039,22850,311351,198011,124089,
argv.c:expandargv,41
213622,65841,415726,223127,131411,369467,433823,271000,356025,197890,62516,237520,275012,443870,170568,476661,460856,268871,177603,16655,50907,73557,468323,299108,285685,273628,191640,433568,11444,415388,396822,41915,385975,161396,278496,348304,39886,289847,242130,283981,37378,
argv.c:countargv,6
351729,20182,171382,89871,213639,430243,
concat.c:concat_length,7
198539,474411,203185,183015,34602,4685,222369,
concat.c:concat_copy,7
15632,213719,127614,39014,105606,455094,397328,
concat.c:concat_copy2,7
495870,45589,423692,378046,156959,61450,241422,
concat.c:concat,14
171944,440836,138930,39743,177017,289118,397558,18272,116794,142530,159976,158096,144524,50507,
concat.c:reconcat,16
506616,272109,231432,341849,318924,112620,460350,254277,97375,79931,262404,376553,264396,436114,325417,90606,
cplus-dem.c:cplus_demangle_set_style,8
396058,340851,60033,431351,290432,424071,339448,420264,
cplus-dem.c:cplus_demangle_name_to_style,8
228505,325806,367134,484101,233222,68247,426503,421246,
cplus-dem.c:cplus_demangle,29
357593,450208,260301,189505,245852,169868,223485,361135,116658,388447,335156,288299,434645,171181,483958,110846,305949,210601,394037,68407,489396,176614,304120,116296,176115,380282,328717,31074,500841,
cplus-dem.c:ada_demangle,123
51646,270394,253486,199259,94017,339906,184610,400701,493608,374686,77024,66072,13496,77312,109575,246825,514376,323715,44987,183374,67695,301430,304007,89242,358376,358943,490441,368419,295517,24220,499597,42027,263978,208972,364428,447970,391338,160142,402955,444384,189025,148156,179768,134828,438019,356090,430095,378725,239571,478750,455755,511836,103257,493863,397074,218969,168712,216990,359413,299477,510867,162184,5109,62171,80031,324393,419067,334304,459631,504249,193552,394229,41768,186456,438749,150037,92925,317715,328842,342716,396521,420372,454762,289336,9980,198234,468228,41508,155106,386889,189610,494897,324859,380570,143923,13999,341819,307456,140472,138110,341803,353985,404520,271452,99170,104907,146692,47027,363840,76677,102308,523920,760,192133,379594,291685,142301,482852,516875,57872,364070,380537,238295,
cplus-dem.c:rust_demangle,4
458025,330875,61324,101092,
filename_cmp.c:filename_hash,6
101389,106997,437663,142262,364346,329278,
lbasename.c:unix_lbasename,8
389324,502953,281125,118494,372460,179738,412814,226321,
lbasename.c:dos_lbasename,11
392925,13785,270475,67623,6046,161682,89142,144552,376306,239875,235792,
lbasename.c:lbasename,8
198679,363500,505606,77232,284683,509267,479209,475453,
xmalloc.c:xmalloc_set_program_name,2
248733,396132,
xmalloc.c:xmalloc_failed,3
428946,49385,458579,
xmalloc.c:xmalloc,4
213539,404305,285068,49692,
xmalloc.c:xcalloc,5
119731,147015,497744,215275,269030,
xmalloc.c:xrealloc,7
201716,474675,33401,32453,74976,508769,115260,
