archive.c:_bfd_ar_spacepad,2
53219,339648,
archive.c:_bfd_ar_sizepad,4
388429,206340,81791,397147,
archive.c:_bfd_generic_mkarchive,2
164341,229645,
archive.c:bfd_get_next_mapent,7
257478,275289,360502,92945,112004,361409,34657,
archive.c:_bfd_look_for_bfd_in_cache,5
488282,136951,157056,317789,205131,
archive.c:_bfd_add_bfd_to_archive_cache,4
220999,519149,457971,458973,
archive.c:_bfd_generic_read_ar_hdr_mag,55
409364,397920,69964,202284,501854,230310,491643,100100,497946,105399,96264,166740,388521,178316,386109,513365,322975,516763,353575,50619,234164,343365,475233,305827,176333,216051,197469,65573,20105,383906,356890,153111,235692,24228,340345,396121,355777,251742,134375,231326,444507,59018,305880,179390,368480,207912,411991,356659,506610,188376,455734,372890,275408,69658,133625,
archive.c:_bfd_append_relative_path,4
196204,224073,171533,379813,
archive.c:_bfd_get_elt_at_filepos,54
331651,389932,425087,376300,401031,114057,157002,125329,332727,105948,286232,179081,293418,213370,408819,291586,292900,231459,434866,451157,442093,376729,86430,80412,378507,297254,425934,98600,355201,135727,380866,455915,60256,343178,246557,282444,310974,239171,112655,292273,505944,107325,17286,78367,517896,87931,117121,523952,182645,148212,88602,69278,41253,272692,
archive.c:bfd_openr_next_archived_file,3
103744,120782,105916,
archive.c:bfd_generic_openr_next_archived_file,7
492992,434033,495689,261166,277827,78891,31377,
archive.c:bfd_generic_archive_p,26
96046,166452,85957,59936,19891,281118,373305,209036,105719,78135,224812,443105,108868,339978,474136,449297,26656,230542,327191,239823,98818,470717,398553,427056,333206,519737,
archive.c:bfd_slurp_armap,61
30439,519709,110911,327067,182466,106653,343537,321735,103385,493522,33923,150038,71130,412460,33709,438067,322176,203455,244599,493846,258311,111899,413406,224001,470904,194706,108900,413015,397550,60078,184809,495407,407345,415784,180809,30433,461553,516682,51678,343174,409631,503121,358336,174273,168748,138569,208209,336254,284262,218923,88804,379905,391689,376740,64406,441662,209218,468281,288056,274864,352619,
archive.c:do_slurp_bsd_armap,19
286073,523121,127807,325789,223879,71800,440662,451795,382569,488740,465952,196152,216936,3924,416725,380945,393084,276550,138586,
archive.c:_bfd_slurp_extended_name_table,31
343334,492645,441962,354336,177846,361383,512561,315969,188705,144346,500418,24885,215293,212566,414572,45607,189329,124465,422983,476473,167131,218840,92328,339830,19138,473662,520959,352344,392228,179520,391774,
archive.c:_bfd_construct_extended_name_table,99
516132,239091,163819,70823,214328,429572,393358,443689,278645,168788,458096,202279,377424,326774,352733,257783,251075,460886,110372,6610,245375,233580,433795,323346,91521,416173,133306,311481,164384,19098,308227,337406,249467,449909,281426,160252,368414,116960,22526,466075,408153,139376,452124,3614,40536,85050,299594,383778,172174,384614,241630,456114,414411,363679,489093,26697,139138,390130,92643,159195,416458,481943,142415,216538,126544,243901,97443,453932,224514,424504,74501,37990,92988,280613,297577,318811,159767,381512,93612,92483,150627,64044,512112,235636,287011,401658,62767,50863,343481,341386,246997,306518,412377,184658,237504,201858,89238,111913,259590,
archive.c:adjust_relative_path,69
289401,483403,383825,82132,177637,241877,18096,130645,371351,488356,436,308863,65416,468197,475163,591,225813,407049,505876,520039,390507,153961,202214,208929,303341,80999,374569,506071,263675,93027,129192,454827,53325,440355,302482,194139,149446,53016,108418,400938,434942,191248,347511,200921,98724,301449,387566,58633,45289,475805,410807,516472,493756,387627,307145,489646,221927,503022,329638,132049,473603,131991,141198,253485,165326,9970,350658,87811,47354,
archive.c:_bfd_archive_bsd44_construct_extended_name_table,17
398013,215428,48010,519977,482505,206400,229403,523764,492598,27731,327162,426798,244903,339287,49007,283865,216853,
archive.c:_bfd_generic_write_ar_hdr,2
286103,412360,
archive.c:_bfd_bsd44_write_ar_hdr,19
291609,82832,460844,129437,149342,76707,319543,370131,216715,475221,423460,418356,446960,158042,375786,490568,416692,116828,361348,
archive.c:bfd_generic_stat_arch_elt,13
289280,344013,163475,245570,361321,100064,493999,312195,182274,498990,443643,386431,493595,
archive.c:bfd_dont_truncate_arname,14
459036,107795,332401,282498,238776,291395,455292,422343,440684,30305,255834,463459,28609,56736,
archive.c:bfd_bsd_truncate_arname,4
268450,169588,112179,499294,
archive.c:bfd_gnu_truncate_arname,8
150171,72419,179190,349005,492244,141262,114827,112943,
archive.c:_bfd_write_archive_contents,103
384148,76910,434930,303509,159690,382291,226193,192161,90514,241024,104108,379898,312802,480704,168440,274002,121474,441057,484559,211209,169088,391830,426509,247358,324284,262439,29835,500456,114922,245978,1944,311663,346605,155535,448711,426837,435956,488793,354083,330913,175957,58184,187114,24142,491225,61110,265814,92299,76918,395008,90290,94853,67649,340136,271222,51523,215825,128685,144060,180687,422948,79878,90283,252606,420012,168543,420883,512261,322755,385976,474870,516870,22919,45059,274094,277976,467544,337229,5744,200741,188873,411770,108393,49713,203564,500838,348902,320554,90399,14513,67071,12961,126056,43868,415738,33268,89606,165792,320494,104859,126908,153917,50542,
archive.c:_bfd_compute_and_write_armap,65
323343,315796,505436,106058,393195,344299,363914,157385,316073,317932,444990,173083,113909,106971,251513,218009,298456,388425,392384,273713,202309,174067,329474,439117,54155,78836,346900,419,27623,204347,264904,329706,431873,318676,164039,36974,161826,408284,18206,88271,31587,47219,419027,315009,155028,201500,417425,459005,200761,100693,321495,206861,348708,450333,413970,439276,181424,299758,9845,522814,85548,60518,206944,303697,248630,
archive.c:_bfd_bsd_write_armap,55
248218,17769,4871,21648,209104,469521,356889,86299,202820,222838,261017,401373,287073,316772,491736,470872,86951,146458,330830,22739,79437,139738,94629,44397,322181,498796,51335,380447,459912,404890,214045,118738,315827,392819,433303,138016,383530,424779,503792,251320,212124,360596,77423,77579,389686,440407,309655,380440,300054,223564,140241,197521,115046,477642,42901,
archive.c:_bfd_archive_bsd_update_armap_timestamp,13
396236,430503,518485,449300,520973,29958,394142,471950,440808,499265,456785,501664,114701,
archive.c:_bfd_coff_write_armap,70
228031,186973,272729,1669,291465,162583,67643,6888,72073,437214,127036,267451,493818,217231,329967,39329,399987,304642,285223,327373,302178,268878,124938,467422,152508,216747,209795,381557,159859,126232,406432,523536,391863,430559,85913,205198,199314,233624,225554,521263,32819,133318,173633,421939,65087,299030,189444,229362,77880,209817,369279,27597,364804,368557,437980,444133,54967,189125,43751,37804,110660,56070,110824,357124,421067,352497,457669,310363,117028,364257,
archive.c:_bfd_unlink_from_archive_parent,8
520164,501519,337266,279443,253132,489857,129793,139609,
archive.c:_bfd_archive_close_and_cleanup,12
307072,429321,15098,469909,113337,246666,410616,261085,370737,457336,404672,40446,
bfd.c:bfd_set_error,2
76881,333896,
bfd.c:_bfd_abort,3
58849,127837,321908,
bfd.c:bfd_set_input_error,2
284619,347815,
bfd.c:bfd_errmsg,9
230397,243908,124398,158223,85488,429000,475892,434647,11683,
bfd.c:bfd_perror,4
129162,356766,143250,168206,
bfd.c:bfd_get_reloc_upper_bound,2
233672,237699,
bfd.c:bfd_canonicalize_reloc,2
399964,288207,
bfd.c:bfd_set_file_flags,7
268347,336709,506751,518633,182962,8880,519207,
bfd.c:bfd_get_arch_size,2
80562,366143,
bfd.c:bfd_get_sign_extend_vma,14
312093,397644,450263,408836,164228,107483,404096,340753,278112,114427,210391,218407,390711,239834,
bfd.c:bfd_get_gp_size,6
337407,384314,66795,81224,364698,156445,
bfd.c:bfd_set_gp_size,6
250285,457074,115470,346612,72467,141752,
bfd.c:_bfd_get_gp_value,8
234141,502129,49197,47550,299365,511818,165246,358932,
bfd.c:_bfd_set_gp_value,8
34527,10295,255018,414907,216620,239783,173982,47657,
bfd.c:bfd_get_relocated_section_contents,5
217407,508689,243174,128922,463816,
bfd.c:bfd_record_phdr,10
384412,185206,110431,210146,504547,63808,311364,108109,45228,408396,
bfd.c:bfd_sprintf_vma,4
165927,118384,368120,182280,
bfd.c:bfd_fprintf_vma,4
379810,89206,226582,458991,
bfd.c:bfd_alt_mach_code,10
494147,457741,85725,345284,277690,423949,211196,415805,409573,3164,
bfd.c:bfd_emul_get_maxpagesize,3
371460,226160,307252,
bfd.c:bfd_emul_set_maxpagesize,2
466916,65491,
bfd.c:bfd_elf_set_pagesize,5
346561,22180,509756,277275,504995,
bfd.c:bfd_emul_get_commonpagesize,6
259857,353597,188426,323890,255015,327116,
bfd.c:bfd_emul_set_commonpagesize,2
512499,329169,
bfd.c:bfd_demangle,29
344355,305010,149129,445197,407297,279215,237130,190963,140291,443753,265386,402428,46122,98301,234245,329796,174980,464158,237802,495420,291445,281097,510270,501274,492332,454990,139807,229543,14098,
bfd.c:bfd_update_compression_header,8
220262,231027,302655,136290,205829,103305,494904,427309,
bfd.c:bfd_check_compression_header,9
399037,199485,15276,272476,400959,279108,73925,434059,17262,
bfd.c:bfd_get_compression_header_size,11
319958,22518,38155,306053,405309,11923,4095,197333,262697,371110,158587,
bfd.c:bfd_convert_section_size,13
423168,353996,206613,266993,404566,19505,518912,131144,199121,53058,320495,97718,260734,
bfd.c:bfd_convert_section_contents,16
206149,371300,355337,278143,242986,448814,184344,48354,231889,261509,343655,375198,147388,453867,164945,81233,
bfd.c:error_handler_internal,200
297869,211542,198425,313965,450153,427102,43295,314058,518435,113929,511911,210229,136244,380117,330122,147995,389595,232622,324934,505144,260790,361009,359127,54982,202060,166790,133751,324694,516827,46897,117585,426365,30142,46624,156999,81589,435439,197587,69090,99265,421482,460833,118786,300941,441762,433987,18444,17951,470764,403663,92056,521264,403563,273486,447134,219516,114519,375273,417301,344631,499766,369835,66107,42508,452362,116058,407136,23338,307599,234777,145288,50485,86066,493112,53397,313855,43499,22797,22900,122190,511478,495394,351283,156450,291269,365039,321232,172076,316995,386378,454356,399268,335347,83174,487371,309222,443612,344600,274773,405202,367989,478311,137190,47943,266999,300290,85978,170635,73047,255285,459173,510692,320548,124818,307766,112787,251686,316400,192909,318774,274377,132688,270046,257393,32845,379225,28610,346229,172346,420191,476779,107292,75500,68767,263748,204029,482318,374194,115754,46882,95690,116330,267449,473458,409318,395619,378051,41700,402316,197672,498008,155614,214131,159827,112820,478485,108529,332810,8799,291485,127053,255639,141440,434367,407806,161244,509452,313277,322379,4893,155526,119421,29618,115745,209923,456534,45758,317792,485225,206666,335622,225983,160482,520083,488077,393773,484067,383370,441138,27814,382057,463750,147946,90726,485126,477628,141015,92959,194295,260071,
corefile.c:bfd_core_file_failing_command,2
366239,257583,
corefile.c:bfd_core_file_failing_signal,2
454368,406185,
corefile.c:bfd_core_file_pid,2
341759,467199,
corefile.c:core_file_matches_executable_p,3
442744,267242,367808,
corefile.c:generic_core_file_matches_executable_p,13
137599,316950,200351,79339,186594,467041,416232,161177,93817,259498,259697,110912,509368,
format.c:bfd_check_format_matches,123
11867,480219,513973,8484,395612,138970,452569,114215,237147,467016,393588,431777,513709,298348,313592,320442,375331,492823,281064,456133,298457,340218,491560,169326,104746,67534,509125,87661,276311,33246,190532,391075,105775,406593,336630,14939,409253,337537,285303,56658,94630,364095,99215,53725,313478,441142,440661,21298,143251,408987,242041,66392,254795,503533,386505,405860,160095,36315,173136,110548,177012,466337,335331,115533,391239,434176,424158,235999,380210,170477,251147,199275,297717,146264,325630,433180,284215,71740,338577,49554,187506,314520,460011,242043,241476,34073,464569,379578,468938,184565,258368,248636,468687,113554,507650,488504,122551,258246,304968,374208,388521,514781,117342,42513,371626,332274,320536,124002,376998,23623,400665,6942,266575,57202,241189,69413,315405,434224,429977,494740,179528,383022,359348,
format.c:bfd_set_format,8
240711,220293,48132,252173,95598,320262,41717,59923,
format.c:bfd_format_string,4
142585,171036,283788,4971,
opncls.c:_bfd_new_bfd,9
158773,482502,152487,429750,322706,323295,237069,339590,411641,
opncls.c:_bfd_new_bfd_contained_in,4
226926,272236,80139,353269,
opncls.c:_bfd_free_cached_info,2
234503,377529,
opncls.c:bfd_fopen,25
81719,453588,215295,433712,226938,416907,402161,219440,507889,14275,220946,138982,87353,373905,95358,206786,239162,217011,217873,50927,358566,470756,73234,453903,272701,
opncls.c:_bfd_delete_bfd,4
267363,230403,270446,374309,
opncls.c:bfd_fdopenr,6
115324,347210,122457,458197,516542,465905,
opncls.c:bfd_openstreamr,6
72306,511015,12335,184683,116796,410130,
opncls.c:bfd_openr_iovec,8
426745,266217,434001,292966,61618,347148,177973,523544,
opncls.c:bfd_zalloc,2
432841,213408,
opncls.c:bfd_openw,6
241057,523922,260096,195343,117415,236765,
opncls.c:bfd_close,5
197430,192775,94933,132181,77342,
opncls.c:bfd_close_all_done,10
340626,236099,425543,280756,125512,314799,250918,309464,427501,3159,
opncls.c:bfd_create,4
446751,118672,307733,76692,
opncls.c:bfd_make_writable,4
370156,394955,409350,2090,
opncls.c:bfd_make_readable,7
251419,425270,280372,502078,266389,453263,189846,
opncls.c:bfd_alloc,10
309580,132724,227548,117570,356083,458274,149934,333517,129655,434870,
opncls.c:bfd_alloc2,4
437580,246418,197956,178337,
opncls.c:bfd_zalloc2,6
158122,59066,480492,371668,107959,487992,
opncls.c:bfd_calc_gnu_debuglink_crc32,4
452677,166505,241028,230347,
opncls.c:bfd_get_debug_link_info_1,16
36383,401320,331884,365046,111970,132485,387278,213508,383342,2947,25838,431056,388631,32551,49007,476054,
opncls.c:bfd_get_alt_debug_link_info,18
403829,35067,476536,216978,419209,334312,16727,101394,84420,367082,70994,64486,347123,40708,359937,481522,345560,450903,
opncls.c:find_separate_debug_file,63
392414,362027,493057,45247,195583,385565,250983,390262,502210,257314,27498,196889,290496,102625,146424,409577,172835,301886,419368,127101,493774,370667,216738,18159,167101,519707,49208,57747,346431,451473,189614,507405,59791,504053,107848,45534,95245,297805,128554,506644,67150,490256,170083,456064,184088,485081,195724,211863,228914,210386,298495,414098,147834,181436,503579,47756,141568,162801,37440,303878,477826,70943,208582,
opncls.c:separate_debug_file_exists,14
404777,474435,249972,346796,118095,327397,246730,463324,353130,308211,392255,86220,42892,436517,
opncls.c:separate_alt_debug_file_exists,4
189021,396641,34020,160386,
opncls.c:bfd_create_gnu_debuglink_section,9
71144,423774,477524,488771,9284,494454,508411,354058,99741,
opncls.c:bfd_fill_in_gnu_debuglink_section,18
23936,480037,256468,56976,214282,475610,374989,357563,211706,501359,510766,79708,348770,235022,440209,94530,477396,400310,
opncls.c:get_build_id_name,12
195051,338397,23996,259713,312186,149173,403788,175793,112600,346911,319332,115622,
opncls.c:check_build_id_file,12
392408,175111,260433,30804,508421,340529,134633,407114,168943,446424,158245,438709,
opncls.c:opncls_bread,2
353431,207928,
opncls.c:opncls_bseek,3
318977,383730,9415,
opncls.c:opncls_bclose,2
8325,85687,
opncls.c:opncls_bstat,2
201044,408331,
opncls.c:get_build_id,37
77949,93240,465496,517064,310626,485563,421866,486380,463182,429057,468167,357178,184033,515622,512686,402363,418341,27123,233498,222895,170920,244883,498876,174005,488045,236107,517247,384128,511863,37781,250839,42320,411459,504443,89343,140505,387220,
section.c:bfd_section_hash_newfunc,6
13238,4612,167156,302434,431199,506665,
section.c:_bfd_generic_new_section_hook,2
64879,169043,
section.c:bfd_get_section_by_name,2
181415,158349,
section.c:bfd_get_next_section_by_name,15
81073,259298,370685,238248,186593,389693,120377,348355,443819,394758,77544,60033,394119,142404,132710,
section.c:bfd_get_linker_section,8
149324,124387,231076,62887,2095,307544,449312,261806,
section.c:bfd_get_section_by_name_if,8
191167,399881,7779,438773,95561,296890,359850,14430,
section.c:bfd_get_unique_section_name,10
119096,393508,109601,295209,181588,503485,506387,379991,422341,234905,
section.c:bfd_make_section_old_way,22
208723,497933,457995,17962,175848,278444,171210,120828,79772,392508,494503,367972,88420,125581,479260,416594,509877,467980,136487,212853,518334,82991,
section.c:bfd_make_section_anyway_with_flags,13
114674,446068,95569,455806,161705,18098,523165,236599,504166,117545,519144,409051,22891,
section.c:bfd_make_section_with_flags,18
443678,64626,182194,206201,373746,418262,367554,80466,305805,5044,33194,147021,474678,211977,273221,457059,251806,194993,
section.c:bfd_map_over_sections,6
176698,13687,178676,331421,487629,407594,
section.c:bfd_sections_find_if,6
491231,287262,397562,150877,51873,183106,
section.c:bfd_set_section_size,2
73434,517705,
section.c:bfd_set_section_contents,14
113275,234954,65316,316129,156303,265934,10862,388791,37592,502231,61761,258818,491674,438728,
section.c:bfd_get_section_contents,18
33514,366061,96268,436762,325369,405577,351866,77029,296465,340534,93299,244923,447297,268695,421378,455503,90993,77394,
size.c:main,48
221361,165458,58030,186591,26546,91606,503012,232844,112779,183115,108731,248370,308875,497567,2819,443496,321615,30563,352015,313310,462053,480024,151014,152730,67157,352247,230724,99084,72678,43018,45922,299677,46894,222894,23106,253183,416834,401649,397499,307354,365936,116258,211642,87684,287706,359817,92929,176878,
size.c:usage,2
465446,14445,
size.c:display_file,21
411689,449424,476547,347796,356877,290127,266176,270898,97440,237851,489284,194486,208587,197749,246849,114010,479822,438486,365931,257552,392856,
size.c:display_bfd,13
397046,429777,88275,502238,388075,399506,872,429638,233551,410816,286449,386707,274144,
size.c:print_sizes,55
462641,426871,30800,465954,443285,463506,356067,364181,385566,315091,39388,443115,371915,292267,405924,462685,49532,151200,140609,16621,122808,480841,283132,185873,161500,435327,1031,126805,35144,82993,461196,261058,386658,66773,505125,62585,39234,58232,339873,466778,220783,177974,207684,70473,199563,159609,174857,122913,308638,40207,273081,393120,121931,110395,171170,
size.c:berkeley_sum,8
438890,430702,89480,397355,356927,313420,209102,412916,
size.c:sysv_internal_sizer,8
1218,521702,486741,144218,58523,282637,203666,221803,
size.c:sysv_internal_printer,4
321473,210844,242317,46619,
size.c:sysv_one_line,6
156542,67205,324029,173372,153099,366673,
bucomm.c:bfd_nonfatal,2
458827,41102,
bucomm.c:bfd_nonfatal_message,11
96227,159150,362879,472174,310027,191860,428610,515796,349476,258067,135820,
bucomm.c:bfd_get_archive_filename,10
147596,326626,439994,278902,180948,101625,389888,50130,427602,157494,
bucomm.c:set_default_bfd_target,2
436316,69915,
bucomm.c:list_matching_formats,4
351200,262077,200331,116105,
bucomm.c:list_supported_targets,7
127583,314230,179608,98,443974,176367,41941,
bucomm.c:list_supported_architectures,7
123061,62366,40430,342371,402219,5449,254262,
bucomm.c:display_info,44
13619,29419,288811,184491,412494,304688,286314,117467,183264,273510,521084,220025,424286,508451,237965,111228,84505,392786,484297,317449,237580,180396,54617,327861,14104,483512,391024,350067,277205,196469,48368,242467,448345,506190,163956,256570,397201,401142,210542,165411,281798,235546,303884,439556,
bucomm.c:print_arelt_descr,15
395556,47685,419435,52510,401118,227559,333764,442322,396808,134207,523891,307709,424254,429936,80294,
bucomm.c:make_tempname,5
260652,456943,395487,74202,171295,
bucomm.c:make_tempdir,3
482409,516107,358695,
bucomm.c:parse_vma,2
498562,229030,
bucomm.c:get_file_size,13
314279,408100,510035,116668,511916,236601,148525,32330,521346,467721,57565,42919,193440,
bucomm.c:is_valid_archive_path,33
483525,108543,276196,416901,520522,468074,294044,309865,179695,175613,478114,318558,341025,323102,425507,261272,159968,48724,268349,71884,343986,377486,471373,120100,97166,338806,468385,472540,509200,144780,263608,270877,251579,
bucomm.c:do_display_target,18
335453,260939,260223,423008,194379,276486,496874,85905,424645,444469,315125,119964,315514,341669,282862,381704,64600,501365,
ldmain.c:main,151
221038,368220,305156,363504,37166,165343,449704,221068,311430,8643,264395,341064,505401,336691,280288,442172,33258,172266,322075,387369,399369,138079,355666,148742,416569,228433,75873,228926,256745,336870,501217,514072,16571,348601,173533,173599,240108,373400,146537,214294,155239,195494,487937,288100,465749,233140,355437,452865,384975,186367,488862,82835,147357,276168,454090,332713,408902,316155,428340,68659,180649,288192,436,383808,493949,419631,405854,138917,434415,322819,381259,449259,135164,114138,321093,409019,484596,513542,389693,346155,418949,293589,219678,329440,323303,494022,259215,446149,135832,433597,218796,434381,491251,139849,272409,191723,203215,467586,393531,28410,400709,372822,417139,5729,330682,485609,233366,204294,295049,32698,305860,210241,185447,407681,426278,247237,434236,438336,390454,355771,359103,222038,188507,268511,246188,2439,1343,12548,366219,241481,332032,46621,60202,44780,404735,123217,193356,307732,247300,341131,353164,521249,31962,17010,429738,142103,222922,479464,149394,209492,400508,
ldmain.c:ld_bfd_error_handler,2
269391,153677,
ldmain.c:ld_cleanup,3
451439,104790,370178,
ldmain.c:add_ysym,6
87565,288175,376649,517709,39389,519583,
ldmain.c:add_ignoresym,6
324249,21147,474715,503484,39061,420511,
ldmain.c:add_wrap,6
301423,69427,91657,339881,282458,298749,
ldmain.c:add_keepsyms_file,29
408953,416919,427696,186365,362685,177013,438152,139760,404797,145663,383646,63859,130408,130237,507508,23398,196870,316228,328244,327935,185818,479754,136870,52607,131211,199312,413360,465873,142623,
ldmain.c:add_archive_element,44
432347,500809,518017,371775,273669,288262,342372,57977,49474,393066,212227,300351,514846,150423,208905,3966,418890,48422,153879,198288,71640,504865,436343,187563,233402,63611,56330,332881,29098,503320,252062,354968,487774,34995,299299,20625,195546,260663,39758,69130,504568,194502,496704,83500,
ldmain.c:multiple_definition,24
486399,239518,45531,360838,473588,126382,104829,95250,148210,407976,279852,461129,85560,296744,134438,59490,442776,310722,369206,497324,18818,42817,246426,424022,
ldmain.c:multiple_common,37
493981,58317,260528,509678,126501,404064,138090,357488,238275,20598,291195,401700,93053,433660,58297,209828,116816,277536,263303,199145,20773,126455,18188,215442,103577,339658,229676,180497,137300,137921,423263,223588,91606,393136,239763,220425,146914,
ldmain.c:add_to_set,6
419399,306535,421567,346595,280597,454007,
ldmain.c:constructor_callback,18
374712,26676,262618,336094,465731,463043,258321,402572,439054,301338,190301,444719,493698,324517,319009,186813,321257,157779,
ldmain.c:warning_callback,22
139141,21505,397286,415163,138778,85778,318645,387710,470702,72239,50880,165831,126706,15035,41846,507550,142401,261571,489316,146719,445893,157351,
ldmain.c:undefined_symbol,33
95327,224910,328914,481854,169618,225396,476042,219999,413246,174588,208029,46759,64318,276863,425976,226175,454987,38757,223946,115120,119720,165601,56660,65076,64574,501266,151536,445660,217215,201779,108162,115919,354751,
ldmain.c:reloc_overflow,21
298476,150999,447974,229825,342195,474889,232103,122647,287779,232818,490039,407387,44650,71196,30124,315246,480356,217908,212677,493331,209930,
ldmain.c:notice,13
437855,459107,126827,310399,431750,285392,443680,306111,490611,416535,140547,223527,252358,
ldmain.c:warning_find_reloc,19
281901,466789,141045,409578,416571,298463,371763,478832,520775,462909,388812,114546,186514,129375,89261,321958,78847,338707,120527,
argv.c:dupargv,10
5415,339197,315962,418254,328162,420064,437976,242976,189194,291012,
argv.c:freeargv,6
387432,23083,174327,367144,42603,43621,
argv.c:buildargv,45
408255,296827,43572,108907,59528,511776,177513,120692,72362,40290,17549,381003,332289,287932,375801,422911,190084,459698,386244,81102,49001,418989,299055,68934,427097,306924,172598,112234,387498,355491,207432,498780,449565,106884,478508,233006,256577,229735,143101,402762,407894,490557,349037,36803,478670,
argv.c:writeargv,21
451259,122121,35043,335653,358920,329914,293094,195346,93548,297211,384357,157420,237021,429130,194416,141831,21039,22850,311351,198011,124089,
argv.c:expandargv,41
213622,65841,415726,223127,131411,369467,433823,271000,356025,197890,62516,237520,275012,443870,170568,476661,460856,268871,177603,16655,50907,73557,468323,299108,285685,273628,191640,433568,11444,415388,396822,41915,385975,161396,278496,348304,39886,289847,242130,283981,37378,
argv.c:countargv,6
351729,20182,171382,89871,213639,430243,
xmalloc.c:xmalloc_set_program_name,2
248733,396132,
xmalloc.c:xmalloc_failed,3
428946,49385,458579,
xmalloc.c:xmalloc,4
213539,404305,285068,49692,
xmalloc.c:xcalloc,5
119731,147015,497744,215275,269030,
xmalloc.c:xrealloc,7
201716,474675,33401,32453,74976,508769,115260,
