archive.c:_bfd_ar_spacepad,2
53219,339648,
archive.c:_bfd_ar_sizepad,4
388429,206340,81791,397147,
archive.c:_bfd_generic_mkarchive,2
164341,229645,
archive.c:bfd_get_next_mapent,7
257478,275289,360502,92945,112004,361409,34657,
archive.c:_bfd_look_for_bfd_in_cache,5
488282,136951,157056,317789,205131,
archive.c:_bfd_add_bfd_to_archive_cache,4
220999,519149,457971,458973,
archive.c:_bfd_generic_read_ar_hdr_mag,55
409364,397920,69964,202284,501854,230310,491643,100100,497946,105399,96264,166740,388521,178316,386109,513365,322975,516763,353575,50619,234164,343365,475233,305827,176333,216051,197469,65573,20105,383906,356890,153111,235692,24228,340345,396121,355777,251742,134375,231326,444507,59018,305880,179390,368480,207912,411991,356659,506610,188376,455734,372890,275408,69658,133625,
archive.c:_bfd_append_relative_path,4
196204,224073,171533,379813,
archive.c:_bfd_get_elt_at_filepos,54
331651,389932,425087,376300,401031,114057,157002,125329,332727,105948,286232,179081,293418,213370,408819,291586,292900,231459,434866,451157,442093,376729,86430,80412,378507,297254,425934,98600,355201,135727,380866,455915,60256,343178,246557,282444,310974,239171,112655,292273,505944,107325,17286,78367,517896,87931,117121,523952,182645,148212,88602,69278,41253,272692,
archive.c:bfd_openr_next_archived_file,3
103744,120782,105916,
archive.c:bfd_generic_openr_next_archived_file,7
492992,434033,495689,261166,277827,78891,31377,
archive.c:bfd_generic_archive_p,26
96046,166452,85957,59936,19891,281118,373305,209036,105719,78135,224812,443105,108868,339978,474136,449297,26656,230542,327191,239823,98818,470717,398553,427056,333206,519737,
archive.c:bfd_slurp_armap,61
30439,519709,110911,327067,182466,106653,343537,321735,103385,493522,33923,150038,71130,412460,33709,438067,322176,203455,244599,493846,258311,111899,413406,224001,470904,194706,108900,413015,397550,60078,184809,495407,407345,415784,180809,30433,461553,516682,51678,343174,409631,503121,358336,174273,168748,138569,208209,336254,284262,218923,88804,379905,391689,376740,64406,441662,209218,468281,288056,274864,352619,
archive.c:do_slurp_bsd_armap,19
286073,523121,127807,325789,223879,71800,440662,451795,382569,488740,465952,196152,216936,3924,416725,380945,393084,276550,138586,
archive.c:_bfd_slurp_extended_name_table,31
343334,492645,441962,354336,177846,361383,512561,315969,188705,144346,500418,24885,215293,212566,414572,45607,189329,124465,422983,476473,167131,218840,92328,339830,19138,473662,520959,352344,392228,179520,391774,
archive.c:_bfd_construct_extended_name_table,99
516132,239091,163819,70823,214328,429572,393358,443689,278645,168788,458096,202279,377424,326774,352733,257783,251075,460886,110372,6610,245375,233580,433795,323346,91521,416173,133306,311481,164384,19098,308227,337406,249467,449909,281426,160252,368414,116960,22526,466075,408153,139376,452124,3614,40536,85050,299594,383778,172174,384614,241630,456114,414411,363679,489093,26697,139138,390130,92643,159195,416458,481943,142415,216538,126544,243901,97443,453932,224514,424504,74501,37990,92988,280613,297577,318811,159767,381512,93612,92483,150627,64044,512112,235636,287011,401658,62767,50863,343481,341386,246997,306518,412377,184658,237504,201858,89238,111913,259590,
archive.c:adjust_relative_path,69
289401,483403,383825,82132,177637,241877,18096,130645,371351,488356,436,308863,65416,468197,475163,591,225813,407049,505876,520039,390507,153961,202214,208929,303341,80999,374569,506071,263675,93027,129192,454827,53325,440355,302482,194139,149446,53016,108418,400938,434942,191248,347511,200921,98724,301449,387566,58633,45289,475805,410807,516472,493756,387627,307145,489646,221927,503022,329638,132049,473603,131991,141198,253485,165326,9970,350658,87811,47354,
archive.c:_bfd_archive_bsd44_construct_extended_name_table,17
398013,215428,48010,519977,482505,206400,229403,523764,492598,27731,327162,426798,244903,339287,49007,283865,216853,
archive.c:_bfd_generic_write_ar_hdr,2
286103,412360,
archive.c:_bfd_bsd44_write_ar_hdr,19
291609,82832,460844,129437,149342,76707,319543,370131,216715,475221,423460,418356,446960,158042,375786,490568,416692,116828,361348,
archive.c:bfd_generic_stat_arch_elt,13
289280,344013,163475,245570,361321,100064,493999,312195,182274,498990,443643,386431,493595,
archive.c:bfd_dont_truncate_arname,14
459036,107795,332401,282498,238776,291395,455292,422343,440684,30305,255834,463459,28609,56736,
archive.c:bfd_bsd_truncate_arname,4
268450,169588,112179,499294,
archive.c:bfd_gnu_truncate_arname,8
150171,72419,179190,349005,492244,141262,114827,112943,
archive.c:_bfd_write_archive_contents,103
384148,76910,434930,303509,159690,382291,226193,192161,90514,241024,104108,379898,312802,480704,168440,274002,121474,441057,484559,211209,169088,391830,426509,247358,324284,262439,29835,500456,114922,245978,1944,311663,346605,155535,448711,426837,435956,488793,354083,330913,175957,58184,187114,24142,491225,61110,265814,92299,76918,395008,90290,94853,67649,340136,271222,51523,215825,128685,144060,180687,422948,79878,90283,252606,420012,168543,420883,512261,322755,385976,474870,516870,22919,45059,274094,277976,467544,337229,5744,200741,188873,411770,108393,49713,203564,500838,348902,320554,90399,14513,67071,12961,126056,43868,415738,33268,89606,165792,320494,104859,126908,153917,50542,
archive.c:_bfd_compute_and_write_armap,65
323343,315796,505436,106058,393195,344299,363914,157385,316073,317932,444990,173083,113909,106971,251513,218009,298456,388425,392384,273713,202309,174067,329474,439117,54155,78836,346900,419,27623,204347,264904,329706,431873,318676,164039,36974,161826,408284,18206,88271,31587,47219,419027,315009,155028,201500,417425,459005,200761,100693,321495,206861,348708,450333,413970,439276,181424,299758,9845,522814,85548,60518,206944,303697,248630,
archive.c:_bfd_bsd_write_armap,55
248218,17769,4871,21648,209104,469521,356889,86299,202820,222838,261017,401373,287073,316772,491736,470872,86951,146458,330830,22739,79437,139738,94629,44397,322181,498796,51335,380447,459912,404890,214045,118738,315827,392819,433303,138016,383530,424779,503792,251320,212124,360596,77423,77579,389686,440407,309655,380440,300054,223564,140241,197521,115046,477642,42901,
archive.c:_bfd_archive_bsd_update_armap_timestamp,13
396236,430503,518485,449300,520973,29958,394142,471950,440808,499265,456785,501664,114701,
archive.c:_bfd_coff_write_armap,70
228031,186973,272729,1669,291465,162583,67643,6888,72073,437214,127036,267451,493818,217231,329967,39329,399987,304642,285223,327373,302178,268878,124938,467422,152508,216747,209795,381557,159859,126232,406432,523536,391863,430559,85913,205198,199314,233624,225554,521263,32819,133318,173633,421939,65087,299030,189444,229362,77880,209817,369279,27597,364804,368557,437980,444133,54967,189125,43751,37804,110660,56070,110824,357124,421067,352497,457669,310363,117028,364257,
archive.c:_bfd_unlink_from_archive_parent,8
520164,501519,337266,279443,253132,489857,129793,139609,
archive.c:_bfd_archive_close_and_cleanup,12
307072,429321,15098,469909,113337,246666,410616,261085,370737,457336,404672,40446,
archures.c:bfd_scan_arch,21
26181,377057,522244,210597,464099,258361,169968,188912,252709,358682,150880,27504,2731,333634,121802,348661,73373,166307,303320,353525,440147,
archures.c:bfd_arch_list,22
498676,278351,21160,344585,404466,189201,260612,406029,346815,519135,151526,372619,139550,170450,394783,56385,172136,8184,341509,48850,323948,129369,
archures.c:bfd_arch_get_compatible,9
429984,130230,14654,423700,193298,484014,423682,301635,216485,
archures.c:bfd_default_compatible,8
139062,168469,57629,500016,207378,344531,359948,347859,
archures.c:bfd_default_scan,59
502739,90968,4406,149894,92826,94309,343466,228194,175128,105487,382354,339237,380892,402193,409708,182443,63989,266022,33390,32529,465204,520678,437633,242623,96960,321232,429326,20471,295662,502482,124140,44953,434050,256526,202603,69369,415893,427902,290344,417713,494348,342331,350838,161028,261179,303294,299861,49161,134934,152775,70454,481057,287905,291299,6621,441266,399381,376068,97823,
archures.c:bfd_arch_default_fill,2
348144,152032,
archures.c:bfd_default_set_arch_mach,2
220034,475398,
archures.c:bfd_lookup_arch,44
137228,50595,423582,512148,83109,240734,329727,34844,224038,506014,135869,88627,438552,86875,168264,403493,124030,71208,50850,403675,334834,508368,367477,386978,453150,143046,448253,24456,472333,496815,149317,421802,305821,296671,27790,490631,296179,502897,493635,206596,210003,487228,57028,496486,
archures.c:bfd_printable_arch_mach,2
98728,121382,
archures.c:bfd_octets_per_byte,2
320747,521392,
archures.c:bfd_arch_mach_octets_per_byte,2
511906,458952,
bfd.c:bfd_set_error,2
76881,333896,
bfd.c:_bfd_abort,3
58849,127837,321908,
bfd.c:bfd_set_input_error,2
284619,347815,
bfd.c:bfd_errmsg,9
230397,243908,124398,158223,85488,429000,475892,434647,11683,
bfd.c:bfd_perror,4
129162,356766,143250,168206,
bfd.c:bfd_get_reloc_upper_bound,2
233672,237699,
bfd.c:bfd_canonicalize_reloc,2
399964,288207,
bfd.c:bfd_set_file_flags,7
268347,336709,506751,518633,182962,8880,519207,
bfd.c:bfd_get_arch_size,2
80562,366143,
bfd.c:bfd_get_sign_extend_vma,14
312093,397644,450263,408836,164228,107483,404096,340753,278112,114427,210391,218407,390711,239834,
bfd.c:bfd_get_gp_size,6
337407,384314,66795,81224,364698,156445,
bfd.c:bfd_set_gp_size,6
250285,457074,115470,346612,72467,141752,
bfd.c:_bfd_get_gp_value,8
234141,502129,49197,47550,299365,511818,165246,358932,
bfd.c:_bfd_set_gp_value,8
34527,10295,255018,414907,216620,239783,173982,47657,
bfd.c:bfd_get_relocated_section_contents,5
217407,508689,243174,128922,463816,
bfd.c:bfd_record_phdr,10
384412,185206,110431,210146,504547,63808,311364,108109,45228,408396,
bfd.c:bfd_sprintf_vma,4
165927,118384,368120,182280,
bfd.c:bfd_fprintf_vma,4
379810,89206,226582,458991,
bfd.c:bfd_alt_mach_code,10
494147,457741,85725,345284,277690,423949,211196,415805,409573,3164,
bfd.c:bfd_emul_get_maxpagesize,3
371460,226160,307252,
bfd.c:bfd_emul_set_maxpagesize,2
466916,65491,
bfd.c:bfd_elf_set_pagesize,5
346561,22180,509756,277275,504995,
bfd.c:bfd_emul_get_commonpagesize,6
259857,353597,188426,323890,255015,327116,
bfd.c:bfd_emul_set_commonpagesize,2
512499,329169,
bfd.c:bfd_demangle,29
344355,305010,149129,445197,407297,279215,237130,190963,140291,443753,265386,402428,46122,98301,234245,329796,174980,464158,237802,495420,291445,281097,510270,501274,492332,454990,139807,229543,14098,
bfd.c:bfd_update_compression_header,8
220262,231027,302655,136290,205829,103305,494904,427309,
bfd.c:bfd_check_compression_header,9
399037,199485,15276,272476,400959,279108,73925,434059,17262,
bfd.c:bfd_get_compression_header_size,11
319958,22518,38155,306053,405309,11923,4095,197333,262697,371110,158587,
bfd.c:bfd_convert_section_size,13
423168,353996,206613,266993,404566,19505,518912,131144,199121,53058,320495,97718,260734,
bfd.c:bfd_convert_section_contents,16
206149,371300,355337,278143,242986,448814,184344,48354,231889,261509,343655,375198,147388,453867,164945,81233,
bfd.c:error_handler_internal,200
297869,211542,198425,313965,450153,427102,43295,314058,518435,113929,511911,210229,136244,380117,330122,147995,389595,232622,324934,505144,260790,361009,359127,54982,202060,166790,133751,324694,516827,46897,117585,426365,30142,46624,156999,81589,435439,197587,69090,99265,421482,460833,118786,300941,441762,433987,18444,17951,470764,403663,92056,521264,403563,273486,447134,219516,114519,375273,417301,344631,499766,369835,66107,42508,452362,116058,407136,23338,307599,234777,145288,50485,86066,493112,53397,313855,43499,22797,22900,122190,511478,495394,351283,156450,291269,365039,321232,172076,316995,386378,454356,399268,335347,83174,487371,309222,443612,344600,274773,405202,367989,478311,137190,47943,266999,300290,85978,170635,73047,255285,459173,510692,320548,124818,307766,112787,251686,316400,192909,318774,274377,132688,270046,257393,32845,379225,28610,346229,172346,420191,476779,107292,75500,68767,263748,204029,482318,374194,115754,46882,95690,116330,267449,473458,409318,395619,378051,41700,402316,197672,498008,155614,214131,159827,112820,478485,108529,332810,8799,291485,127053,255639,141440,434367,407806,161244,509452,313277,322379,4893,155526,119421,29618,115745,209923,456534,45758,317792,485225,206666,335622,225983,160482,520083,488077,393773,484067,383370,441138,27814,382057,463750,147946,90726,485126,477628,141015,92959,194295,260071,
bfdio.c:_bfd_real_fopen,4
410601,510854,82011,493509,
bfdio.c:bfd_bread,18
373530,303309,165654,328211,325614,87575,411664,151882,152532,509982,201575,146634,26672,432498,499590,474218,321337,365648,
bfdio.c:bfd_bwrite,13
385982,449763,218200,1277,471006,300222,76910,53214,398894,366374,333049,9962,152017,
bfdio.c:bfd_tell,9
132897,213131,436057,143829,262134,374583,467606,416570,420552,
bfdio.c:bfd_flush,9
5168,247679,149327,305341,364350,266440,275195,465433,373595,
bfdio.c:bfd_stat,11
38864,214447,355166,40121,386043,17737,425884,231786,426969,239041,339202,
bfdio.c:bfd_seek,23
523326,71183,480692,238272,389531,323135,53846,144432,452499,26370,288495,493142,77242,377107,79558,395387,273376,352829,478898,35491,343949,423831,512640,
bfdio.c:bfd_get_mtime,5
491762,50163,386800,446100,334652,
bfdio.c:bfd_get_size,3
227190,315338,379493,
bfdio.c:bfd_get_file_size,6
385344,128719,358361,280699,427471,228191,
bfdio.c:bfd_mmap,9
498156,370990,133107,459475,235523,351273,380342,233360,360923,
bfdio.c:memory_bread,5
357829,217147,435865,45589,445073,
bfdio.c:memory_bwrite,8
292636,275787,365519,207847,19354,494245,34,300765,
bfdio.c:memory_bseek,14
375406,27480,98403,434021,347569,366770,13586,341931,436531,48439,215919,252101,399321,490150,
bfdio.c:memory_bclose,2
19002,255443,
compress.c:bfd_get_full_section_contents,43
55731,156470,276705,523190,484439,143529,25103,507113,259508,114419,266154,233807,37592,143442,283182,477270,214942,495315,227023,408968,25184,222084,211065,386243,464156,108932,348728,281527,475403,415116,242865,48923,477551,425167,514169,367460,338057,65352,270165,495409,427970,416055,422792,
compress.c:decompress_contents,13
114443,73976,83918,373369,250362,152792,506918,461089,157738,415346,299694,150398,371256,
compress.c:bfd_cache_section_contents,2
350868,306490,
compress.c:bfd_is_section_compressed_with_header,19
436318,98992,426204,302848,315752,77630,180164,86930,410351,391824,467759,462633,438045,147949,48337,513998,351085,470662,271613,
compress.c:bfd_is_section_compressed,3
3999,278145,7333,
compress.c:bfd_init_section_decompress_status,18
141891,50986,338932,329364,85753,376272,53024,264136,454372,61729,342549,9883,257325,152951,95512,469491,254548,265358,
compress.c:bfd_init_section_compress_status,10
439001,351595,338144,524265,203512,492530,517960,414766,38074,426095,
compress.c:bfd_compress_section_contents,26
438531,306582,215043,247159,247975,14495,58664,163155,45381,263689,427246,382489,261902,232852,173328,71087,189418,97328,105167,349764,332717,515831,206061,263901,317830,500335,
compress.c:bfd_compress_section,7
235233,117420,107216,272823,484932,368117,197292,
format.c:bfd_check_format_matches,123
11867,480219,513973,8484,395612,138970,452569,114215,237147,467016,393588,431777,513709,298348,313592,320442,375331,492823,281064,456133,298457,340218,491560,169326,104746,67534,509125,87661,276311,33246,190532,391075,105775,406593,336630,14939,409253,337537,285303,56658,94630,364095,99215,53725,313478,441142,440661,21298,143251,408987,242041,66392,254795,503533,386505,405860,160095,36315,173136,110548,177012,466337,335331,115533,391239,434176,424158,235999,380210,170477,251147,199275,297717,146264,325630,433180,284215,71740,338577,49554,187506,314520,460011,242043,241476,34073,464569,379578,468938,184565,258368,248636,468687,113554,507650,488504,122551,258246,304968,374208,388521,514781,117342,42513,371626,332274,320536,124002,376998,23623,400665,6942,266575,57202,241189,69413,315405,434224,429977,494740,179528,383022,359348,
format.c:bfd_set_format,8
240711,220293,48132,252173,95598,320262,41717,59923,
format.c:bfd_format_string,4
142585,171036,283788,4971,
opncls.c:_bfd_new_bfd,9
158773,482502,152487,429750,322706,323295,237069,339590,411641,
opncls.c:_bfd_new_bfd_contained_in,4
226926,272236,80139,353269,
opncls.c:_bfd_free_cached_info,2
234503,377529,
opncls.c:bfd_fopen,25
81719,453588,215295,433712,226938,416907,402161,219440,507889,14275,220946,138982,87353,373905,95358,206786,239162,217011,217873,50927,358566,470756,73234,453903,272701,
opncls.c:_bfd_delete_bfd,4
267363,230403,270446,374309,
opncls.c:bfd_fdopenr,6
115324,347210,122457,458197,516542,465905,
opncls.c:bfd_openstreamr,6
72306,511015,12335,184683,116796,410130,
opncls.c:bfd_openr_iovec,8
426745,266217,434001,292966,61618,347148,177973,523544,
opncls.c:bfd_zalloc,2
432841,213408,
opncls.c:bfd_openw,6
241057,523922,260096,195343,117415,236765,
opncls.c:bfd_close,5
197430,192775,94933,132181,77342,
opncls.c:bfd_close_all_done,10
340626,236099,425543,280756,125512,314799,250918,309464,427501,3159,
opncls.c:bfd_create,4
446751,118672,307733,76692,
opncls.c:bfd_make_writable,4
370156,394955,409350,2090,
opncls.c:bfd_make_readable,7
251419,425270,280372,502078,266389,453263,189846,
opncls.c:bfd_alloc,10
309580,132724,227548,117570,356083,458274,149934,333517,129655,434870,
opncls.c:bfd_alloc2,4
437580,246418,197956,178337,
opncls.c:bfd_zalloc2,6
158122,59066,480492,371668,107959,487992,
opncls.c:bfd_calc_gnu_debuglink_crc32,4
452677,166505,241028,230347,
opncls.c:bfd_get_debug_link_info_1,16
36383,401320,331884,365046,111970,132485,387278,213508,383342,2947,25838,431056,388631,32551,49007,476054,
opncls.c:bfd_get_alt_debug_link_info,18
403829,35067,476536,216978,419209,334312,16727,101394,84420,367082,70994,64486,347123,40708,359937,481522,345560,450903,
opncls.c:find_separate_debug_file,63
392414,362027,493057,45247,195583,385565,250983,390262,502210,257314,27498,196889,290496,102625,146424,409577,172835,301886,419368,127101,493774,370667,216738,18159,167101,519707,49208,57747,346431,451473,189614,507405,59791,504053,107848,45534,95245,297805,128554,506644,67150,490256,170083,456064,184088,485081,195724,211863,228914,210386,298495,414098,147834,181436,503579,47756,141568,162801,37440,303878,477826,70943,208582,
opncls.c:separate_debug_file_exists,14
404777,474435,249972,346796,118095,327397,246730,463324,353130,308211,392255,86220,42892,436517,
opncls.c:separate_alt_debug_file_exists,4
189021,396641,34020,160386,
opncls.c:bfd_create_gnu_debuglink_section,9
71144,423774,477524,488771,9284,494454,508411,354058,99741,
opncls.c:bfd_fill_in_gnu_debuglink_section,18
23936,480037,256468,56976,214282,475610,374989,357563,211706,501359,510766,79708,348770,235022,440209,94530,477396,400310,
opncls.c:get_build_id_name,12
195051,338397,23996,259713,312186,149173,403788,175793,112600,346911,319332,115622,
opncls.c:check_build_id_file,12
392408,175111,260433,30804,508421,340529,134633,407114,168943,446424,158245,438709,
opncls.c:opncls_bread,2
353431,207928,
opncls.c:opncls_bseek,3
318977,383730,9415,
opncls.c:opncls_bclose,2
8325,85687,
opncls.c:opncls_bstat,2
201044,408331,
opncls.c:get_build_id,37
77949,93240,465496,517064,310626,485563,421866,486380,463182,429057,468167,357178,184033,515622,512686,402363,418341,27123,233498,222895,170920,244883,498876,174005,488045,236107,517247,384128,511863,37781,250839,42320,411459,504443,89343,140505,387220,
section.c:bfd_section_hash_newfunc,6
13238,4612,167156,302434,431199,506665,
section.c:_bfd_generic_new_section_hook,2
64879,169043,
section.c:bfd_get_section_by_name,2
181415,158349,
section.c:bfd_get_next_section_by_name,15
81073,259298,370685,238248,186593,389693,120377,348355,443819,394758,77544,60033,394119,142404,132710,
section.c:bfd_get_linker_section,8
149324,124387,231076,62887,2095,307544,449312,261806,
section.c:bfd_get_section_by_name_if,8
191167,399881,7779,438773,95561,296890,359850,14430,
section.c:bfd_get_unique_section_name,10
119096,393508,109601,295209,181588,503485,506387,379991,422341,234905,
section.c:bfd_make_section_old_way,22
208723,497933,457995,17962,175848,278444,171210,120828,79772,392508,494503,367972,88420,125581,479260,416594,509877,467980,136487,212853,518334,82991,
section.c:bfd_make_section_anyway_with_flags,13
114674,446068,95569,455806,161705,18098,523165,236599,504166,117545,519144,409051,22891,
section.c:bfd_make_section_with_flags,18
443678,64626,182194,206201,373746,418262,367554,80466,305805,5044,33194,147021,474678,211977,273221,457059,251806,194993,
section.c:bfd_map_over_sections,6
176698,13687,178676,331421,487629,407594,
section.c:bfd_sections_find_if,6
491231,287262,397562,150877,51873,183106,
section.c:bfd_set_section_size,2
73434,517705,
section.c:bfd_set_section_contents,14
113275,234954,65316,316129,156303,265934,10862,388791,37592,502231,61761,258818,491674,438728,
section.c:bfd_get_section_contents,18
33514,366061,96268,436762,325369,405577,351866,77029,296465,340534,93299,244923,447297,268695,421378,455503,90993,77394,
srec.c:srec_object_p,22
448865,260845,446808,79607,132508,371802,449181,131109,335607,414366,472779,435504,28683,414218,285804,521586,290858,477757,136360,215057,177798,165178,
srec.c:srec_mkobject,4
429742,136598,48821,220793,
srec.c:srec_get_section_contents,64
334616,124959,273478,21352,8535,245375,276794,512772,231921,157735,266113,512411,94912,412629,151398,141045,241144,325025,280893,25328,365028,64534,469548,6400,256560,62613,487048,169952,175458,201406,167429,288582,84168,398908,435697,130203,170652,393971,247756,293094,40219,502701,406444,60652,206659,384470,80223,258374,238083,5165,32942,425929,330106,319508,171696,33602,444022,214894,160380,383792,13318,216840,392738,257932,
srec.c:srec_canonicalize_symtab,14
83920,256026,398466,320458,453280,257858,203992,312603,303475,449904,278756,306608,29094,385615,
srec.c:srec_print_symbol,2
474375,4078,
srec.c:srec_set_arch_mach,2
382358,150870,
srec.c:srec_set_section_contents,30
417771,460821,62718,447451,485852,390437,238976,204607,101174,285519,510376,27813,266106,494470,291995,380713,68093,7954,511637,397523,166884,213953,55438,399305,405488,286882,307382,327751,346587,173377,
srec.c:symbolsrec_object_p,20
418986,299773,347048,93604,238846,283311,230511,287303,391537,442563,322856,140025,519852,155151,241421,456446,358331,98912,15371,515490,
srec.c:srec_scan,168
159355,135660,247490,151528,60995,387476,274960,489801,470989,88388,449194,324242,252478,464329,91382,522067,205757,116316,32114,43698,337648,476960,434387,358845,38850,44922,467780,246994,268031,463820,118279,85863,70750,252995,470024,195973,203579,371704,66830,494766,129208,69437,384565,268671,503467,487723,145514,421494,251478,319128,446894,480598,139458,239863,9988,311969,225741,211897,173550,214328,164483,250187,227061,1973,297594,151465,311914,346385,435790,133372,272301,60687,302461,59774,228864,104453,451865,179056,502034,108890,502130,495541,368131,216840,379599,201123,271266,101367,10106,1163,435243,108029,460256,517459,468114,189055,362416,211424,477946,485892,254189,460870,424538,50607,199091,149327,157386,472867,20154,7069,43811,409937,356432,88199,1050,119060,212531,256407,93591,23139,358784,402729,429823,85236,293058,413959,288429,218808,396682,430664,356811,128684,81078,157836,167817,467352,353442,518483,172813,184667,171737,278452,373947,56452,279980,119786,512552,157557,109274,244012,496369,279405,8581,60213,353033,122977,319219,460649,374401,415219,479930,242596,259189,13249,191260,121267,444337,488865,
srec.c:srec_bad_byte,7
149986,110024,269670,503501,110142,233479,432677,
srec.c:internal_srec_write_object_contents,52
90349,135129,332226,208812,238493,78449,39125,236146,451417,28492,364863,270155,362764,259651,340554,196367,32072,239561,201526,185486,324157,275492,262435,366985,373482,226718,169353,33846,352884,79785,461538,75765,83360,333620,239412,200618,258755,402565,463461,186466,116452,2425,385771,293635,329768,383517,125285,236340,250321,493532,40492,4728,
srec.c:srec_write_record,8
121684,296149,128267,373513,371512,6237,412209,447362,
syms.c:bfd_is_local_label,4
266649,34793,198524,363538,
syms.c:bfd_set_symtab,4
455631,332268,67132,149760,
syms.c:bfd_print_symbol_vandf,19
33114,316289,172454,165722,460688,482287,178784,291798,212638,430669,478018,86195,106532,439651,302369,137503,348637,488785,423157,
syms.c:_bfd_generic_make_empty_symbol,2
49468,503885,
syms.c:bfd_decode_symclass,51
259158,395103,79528,353260,494616,255829,192064,474986,11738,172551,64262,78745,517992,158980,337171,50640,296959,98710,4908,362397,234672,31759,456300,9877,235524,92991,179329,328547,149350,216206,101816,34274,188301,250975,60666,168446,183023,197788,182663,58785,390093,193687,323512,218169,485473,435095,176934,461777,78066,34157,277549,
syms.c:bfd_is_undefined_symclass,3
434071,402810,51319,
syms.c:bfd_symbol_info,6
315236,479373,261880,226177,146718,9678,
syms.c:_bfd_generic_read_minisymbols,17
354433,170905,389855,372315,296859,82365,84788,510693,99720,24496,147829,71711,128354,470814,217946,382976,400978,
syms.c:_bfd_stab_section_find_nearest_line,188
55171,137987,210178,309670,484968,284693,357769,509098,275082,361847,18062,120393,240985,445081,386431,129266,64029,344800,177813,42464,353,85578,187282,216100,203029,284870,19572,185679,219315,360231,428245,523060,232464,242194,473755,24482,87527,307943,180449,212887,53415,80281,378733,333546,372434,155219,134699,244377,497564,253152,246942,396852,387695,84992,180263,427335,271348,306667,249289,199555,285414,373826,508766,262989,56200,404786,269488,113324,457858,176752,496195,347512,63127,369050,245816,409852,399091,427057,353307,341325,157612,188361,499174,35708,500002,22289,292259,190878,499693,143516,79957,228165,288471,338330,296692,2709,377191,357118,492757,260533,80999,416093,128336,204357,118323,324964,376954,153041,159775,258628,122451,386484,452408,327431,87853,365061,346498,17822,339550,54289,45765,131866,408094,39569,251990,500048,35246,349795,57271,384244,216614,313976,481884,513660,29691,230731,422914,498176,123216,350301,311654,225360,164018,310267,203806,366414,395241,459246,487902,125695,492279,68761,194736,173337,56106,168872,325411,190373,445100,186432,146576,20752,184661,370367,404328,141580,328202,238936,252991,316603,411623,152570,355420,177888,319296,400851,392879,483402,377313,201528,301257,105384,29162,103821,232305,66964,381612,332387,
syms.c:cmpindexentry,4
38190,488977,350308,299070,
objcopy.c:main,87
45953,209402,8576,47271,225620,370246,143289,156385,438165,513506,198735,367893,180031,156904,283468,226831,358161,242500,418046,432125,494068,86500,220429,416211,884,464014,282209,214657,38818,292176,255459,127420,430952,456069,135404,444090,117702,218253,249187,472438,515605,449691,195495,211480,511622,32312,498375,332125,5365,205462,103524,245953,131566,35070,50095,106537,395385,314939,172000,300906,505787,402127,492950,360626,473870,114796,167065,274333,300668,155097,292624,392175,293574,230313,184958,100621,340149,122044,188425,282839,183,191114,234097,465879,250563,361240,358322,
objcopy.c:copy_main,512
182620,411955,68895,419865,239083,147976,20251,319510,474409,176438,486941,82395,421013,933,351858,487094,486864,423125,447386,200987,30141,523310,161077,353483,113938,252434,416169,505124,143500,46573,341026,505550,384140,335074,198801,469420,360737,279335,262687,108725,114164,453216,171701,318940,415823,286272,374892,11875,147633,17695,358723,51090,431270,192699,438956,22006,138296,34877,384987,100911,195043,509083,130430,280392,343620,100210,260915,373228,481726,337566,343064,425226,310506,267070,289633,447728,230877,6037,429195,115082,60229,426583,366593,489041,317162,196137,137603,93012,32891,95027,203776,282913,450992,271672,51092,80138,77759,432465,257956,244096,175249,186770,13021,236673,115576,368437,350169,229717,416013,108484,363856,54138,171056,361680,359533,479843,521723,323346,422107,56369,367432,332748,27580,470186,15279,386410,243005,296463,402863,318785,215344,248602,416666,223236,83392,327882,180123,119850,174520,127009,120131,44647,429680,252909,474966,22076,321747,378802,318339,4324,357355,328267,468548,220893,513866,308581,337034,472845,170051,26393,248872,286751,319148,260458,219015,514930,72700,65272,242739,135741,109780,342026,273263,164952,492049,39755,239815,262965,467772,147874,263917,214582,457426,353578,41732,408194,409354,74039,516515,77355,430338,176621,443616,180541,438722,25312,466932,514969,519748,51659,309291,188706,161497,352686,501737,113712,22863,29365,205632,329292,14033,298419,70210,356747,109072,102863,343971,88432,30027,134904,346871,415264,14662,311925,130247,340361,471533,100958,403593,83126,341824,406740,477559,142688,412002,515062,1921,80031,326379,236877,508886,76619,167443,473587,110994,35125,218414,90038,412749,154983,510318,10760,27508,4534,482748,286226,294363,399189,16134,508555,380913,55659,461258,246725,378423,125895,23179,352405,227447,404575,74064,128965,5071,305945,352355,148335,309605,284020,349692,72006,408167,43993,334557,482033,229051,223623,4547,147254,356454,30824,219124,393502,383154,251016,159692,412385,520924,474917,328490,368909,270696,336368,420832,284861,412533,437520,494845,111810,459968,37981,161561,138944,382458,489390,522237,219913,402255,19600,515615,27509,95859,511230,247475,420128,461579,278529,384189,257049,507047,429019,31874,249353,156637,208640,49127,27536,176891,211403,113231,83234,41066,149374,254949,143326,104286,218417,172701,46001,212436,477302,490790,406549,519317,43472,200909,158782,488470,142942,190291,456839,334325,430737,94451,312076,207091,44162,245640,316987,20088,348929,487165,462972,291579,146190,367894,252159,229710,160669,111058,106760,213547,491743,77346,175569,120613,318432,507922,10550,338743,232796,235482,360281,119276,265066,469408,24196,522749,93567,276093,173242,269348,480197,224502,3908,123199,221307,197373,299587,53962,22696,412192,157750,38544,486461,520454,187056,102801,518497,109424,366261,234822,67018,120580,224557,406970,173625,294146,181241,58405,123041,278830,320086,453063,184647,312412,270823,89901,455142,180158,385025,402665,357716,365738,505214,158083,478714,414065,294257,64519,381039,505525,399879,465416,281621,486145,184128,176720,12757,32225,442313,97651,102934,146964,330268,351807,64128,314595,404184,270452,377010,303875,72543,54406,498766,78985,276940,289243,164065,252777,123404,157065,413341,127251,203096,454754,105725,92669,190649,263569,233707,57630,519191,366233,258794,129013,175018,45442,233451,357309,46108,492366,522117,330102,207822,353605,411938,427888,233822,41521,364555,350526,456613,
objcopy.c:handle_remove_section_option,6
79358,44373,78036,200155,242315,106861,
objcopy.c:strip_usage,2
386463,117512,
objcopy.c:copy_file,139
231925,102729,412003,405359,304879,99771,260913,2797,197873,252650,137651,322024,126503,428095,219282,204459,26482,62445,119451,367722,189144,31159,499590,266040,81126,449085,447208,74456,151420,38102,523872,297621,25462,464552,303584,44956,251192,418497,110072,399670,154651,409976,47001,126995,462697,44835,407659,488347,178236,53746,212311,450260,174818,165710,504718,476088,365559,212653,321922,86694,504746,198324,473987,296950,66707,85467,449399,218234,355908,384819,425036,471419,174109,154580,499434,232074,372805,343722,68493,450439,467081,414219,23057,492122,492109,191015,164986,134877,297931,310838,6444,228682,449022,177465,164500,128428,115234,499487,126525,517256,295687,487204,322130,275480,387251,368851,80654,248657,121361,522904,5451,393155,145404,258977,311388,366277,435929,19173,426987,329544,356684,159357,247352,442727,309849,130287,44099,435985,367509,461434,422620,237396,108328,43744,26935,300977,23108,296669,344061,
objcopy.c:find_section_list,39
114886,132163,444922,244327,365767,3006,242157,82048,235599,211835,201404,128344,98101,438428,421912,85591,387824,257683,394018,140791,65271,14122,45136,262695,286546,35791,189013,466044,315587,157597,114098,225722,460944,286094,461128,41883,46394,309541,152175,
objcopy.c:copy_object,649
372266,522478,402384,47904,474318,200036,52414,350816,291770,237254,93858,480461,176206,191746,94098,9407,258355,350133,194801,480591,237240,252459,470474,43503,366460,291532,454851,71772,250273,68229,83152,286447,85235,477958,510329,424868,66312,512935,232026,250455,312907,10229,265405,350241,345519,335761,496107,245890,210212,337091,109533,419534,390710,188345,440332,172647,456500,472423,264877,189008,192558,514780,98402,221432,435943,504868,271906,197034,284009,236777,299892,429005,68012,429722,151228,418997,94925,508165,121584,501942,239545,54427,358350,125492,112553,318124,247405,120262,75694,124018,120139,46422,428217,408392,235608,58752,344281,462317,364641,296414,425790,365352,313093,464324,511311,91422,82781,322227,168143,12223,68089,354617,184155,66426,356167,501703,453092,406576,304094,106396,410666,398280,335663,480158,402550,383271,39069,358722,506247,247733,263702,71508,43628,434403,300409,114552,214330,155947,184763,5225,79912,9377,77808,342206,268960,397894,290799,200880,423198,157863,127507,386107,260960,367543,129584,508749,236976,328478,361937,374552,212047,114984,193272,312986,426860,291502,218977,371917,171088,401372,63653,510169,379671,91126,460755,323931,189549,127072,230492,475005,386620,163144,395541,36958,225946,343013,299876,65940,118965,372581,98458,203946,86851,146541,246790,450409,339478,190432,100039,253072,141433,91296,400692,72282,314303,50802,92799,176481,61479,496994,420281,417392,512381,446202,310926,414117,246783,369382,138361,118557,362239,341138,424107,110400,316354,269568,506222,447818,246208,58159,20430,485207,453401,390401,247677,520140,154029,16378,330322,15147,209885,334735,447388,161847,103709,202156,167995,391352,493376,164584,242135,302393,497426,450013,445549,425848,225588,322967,494560,317998,180533,198120,158941,445638,322650,344794,246370,436662,441670,522969,303260,494078,136537,153249,253284,180791,467113,258058,444096,229795,265342,282957,173200,206933,33431,453514,105855,341251,191774,349202,441460,354587,384616,486052,267766,22596,241861,520533,500884,505644,408792,346718,333887,232752,133895,446431,63371,435353,365088,228125,64390,117388,31986,197025,316812,18610,88964,191676,4722,424224,482095,189685,98810,469167,497868,48177,423725,344222,279199,464293,195341,273039,323944,182869,364857,467284,429173,343843,233431,467594,461726,244982,157049,292586,81876,507971,191207,37235,197150,319530,302911,360384,395207,211492,468662,311362,146281,242976,96973,215290,243866,456067,455696,425937,189119,166278,483705,175539,182313,458975,17541,8500,278106,467153,262750,29641,357129,417403,454723,417095,15944,87297,61459,329986,125579,370460,510722,306942,106148,115333,407963,351228,106395,5053,39107,156384,481234,30413,506517,262178,100784,250928,487311,351759,283390,438071,87779,407869,509354,231004,310783,79225,106782,286134,470037,196820,132376,133751,481331,164571,428315,407499,343365,185980,179715,352605,280085,233939,17180,475878,19811,9462,71871,247586,104436,269348,490512,270,443641,113733,78947,65279,373880,221611,295004,353989,321612,467002,506665,422398,78171,95277,320018,353985,281799,338440,409769,195491,178649,126134,66016,264181,319287,256824,397197,388478,322393,519763,55015,357495,292892,173273,51078,437735,261578,179093,519706,190936,125883,92082,78407,474160,440027,518923,294808,307569,523777,241786,325318,280295,194815,390204,378375,504939,504612,503050,29005,459531,398270,439787,282009,232203,179623,332066,104934,43263,23174,489983,490319,381520,19079,5087,288917,517117,394497,331689,131397,433718,513593,291675,329570,393990,244117,230005,306032,156503,447520,373196,101921,375048,274353,124349,222054,192484,275276,305599,294809,433302,10699,224786,226257,117554,18592,361638,332487,92643,394847,488304,250772,303973,116371,82318,260586,425818,130352,63728,507605,506098,147745,122422,31558,38497,432059,519019,159013,160304,383988,162276,233955,391571,190122,196628,112294,175349,521886,215983,512838,455561,256994,54864,224708,167104,457791,204695,393187,7477,2990,232462,382543,375323,181295,409297,321500,66166,266575,470214,336199,51404,442412,437160,328079,370333,124454,446354,486319,362850,364408,313172,64142,215827,500369,297712,274784,57695,80929,504220,415205,215789,428773,522369,435245,9842,84503,436986,178065,479362,290278,466427,77616,233683,494691,43265,39593,400980,396910,334882,235706,58944,143451,468855,100167,475662,152428,431221,417637,388589,354232,249360,166621,
objcopy.c:setup_section,62
337903,827,347110,493221,32454,377697,433900,400951,344022,278789,259136,391572,35890,31004,91053,411303,236868,53165,124375,465744,134483,133851,272730,429370,39606,343420,356009,422179,432220,152862,126520,427941,452008,423078,503204,208925,159400,157495,353291,307,246449,167351,30143,470070,518426,461348,138521,484047,321819,118337,223085,414135,145751,290328,109919,367652,110074,434539,75959,78292,478965,190756,
objcopy.c:is_merged_note_section,6
380353,159440,9066,478619,80751,90348,
objcopy.c:compare_section_lma,18
415808,201258,147023,357808,55338,397314,124092,201395,490958,171968,18379,619,84897,259596,323417,392151,206333,216378,
objcopy.c:mark_symbols_used_in_relocations,23
113744,86166,317958,300380,434799,520820,369638,224205,499908,415463,179776,226165,500717,193843,163150,11831,460120,445977,57191,171552,199556,369172,336584,
objcopy.c:copy_relocations_in_section,37
432924,293915,372721,474872,452596,168628,109775,8085,84385,219605,197707,228143,244498,13056,472605,158473,137557,181054,401791,60590,58651,452251,36708,290033,404254,127167,262146,446934,258721,71740,285343,63993,158313,408892,376685,365915,174412,
objcopy.c:copy_section,45
79474,229928,332214,354858,187568,290404,75074,45917,231876,377027,229873,16628,46868,59671,304361,182374,445204,229056,522197,188223,152343,295692,503465,374231,148581,506923,238022,492932,392577,173386,262399,32198,243775,436445,320881,427161,54720,176354,15886,244951,253268,18635,226849,251893,15595,
objcopy.c:is_strip_section,24
267789,256751,461310,36954,217922,473849,306771,319361,38179,509423,499716,510716,205405,505630,308416,358289,274933,351904,66991,61135,222405,405710,14978,488014,
objcopy.c:group_signature,9
11743,336287,187264,505522,11704,325680,483803,372037,250435,
objcopy.c:is_strip_section_1,29
446403,64224,78052,518235,291519,160258,62082,204107,159173,196796,259753,102984,4333,220828,296947,51737,264401,202314,402591,301928,205187,425068,109900,141351,496258,409480,22360,292870,50676,
objcopy.c:is_update_section,8
403065,460673,42399,46475,18952,440974,94601,258779,
objcopy.c:is_specified_symbol_predicate,6
389143,100268,113464,344353,303963,511122,
objcopy.c:create_new_symbol,5
393408,61955,385134,202699,199126,
objcopy.c:skip_section,16
147958,173953,14672,186518,263936,117843,57579,436444,229964,244359,288664,254309,385664,348959,18401,313249,
objcopy.c:init_section_add,2
241876,231004,
objcopy.c:section_add_load_file,10
231470,5712,468896,335323,354862,404121,463598,277337,237671,54305,
objcopy.c:add_redefine_and_check,4
122514,163122,427062,307274,
objcopy.c:parse_flags,30
439286,401199,431514,117587,6178,378310,176102,421579,382335,343387,181987,194765,276669,445416,309971,324093,242394,371438,83627,1454,417647,450846,113620,184874,522766,67386,401665,484967,95751,333489,
objcopy.c:add_specific_symbols,55
110211,106404,334299,502225,442579,507732,359156,405400,258140,444445,69959,437084,249695,101383,279572,226881,43879,218100,286839,271818,175428,16781,165265,483074,488167,155735,390774,505462,466296,461629,517430,87075,497508,415200,501212,465190,417993,162649,379864,482375,378,377581,182354,507335,441313,345942,84610,471476,213904,317890,831,343181,216475,477794,102978,
objcopy.c:copy_usage,2
415794,25416,
objcopy.c:convert_efi_target,4
494509,103554,332133,397944,
bucomm.c:bfd_nonfatal,2
458827,41102,
bucomm.c:bfd_nonfatal_message,11
96227,159150,362879,472174,310027,191860,428610,515796,349476,258067,135820,
bucomm.c:bfd_get_archive_filename,10
147596,326626,439994,278902,180948,101625,389888,50130,427602,157494,
bucomm.c:set_default_bfd_target,2
436316,69915,
bucomm.c:list_matching_formats,4
351200,262077,200331,116105,
bucomm.c:list_supported_targets,7
127583,314230,179608,98,443974,176367,41941,
bucomm.c:list_supported_architectures,7
123061,62366,40430,342371,402219,5449,254262,
bucomm.c:display_info,44
13619,29419,288811,184491,412494,304688,286314,117467,183264,273510,521084,220025,424286,508451,237965,111228,84505,392786,484297,317449,237580,180396,54617,327861,14104,483512,391024,350067,277205,196469,48368,242467,448345,506190,163956,256570,397201,401142,210542,165411,281798,235546,303884,439556,
bucomm.c:print_arelt_descr,15
395556,47685,419435,52510,401118,227559,333764,442322,396808,134207,523891,307709,424254,429936,80294,
bucomm.c:make_tempname,5
260652,456943,395487,74202,171295,
bucomm.c:make_tempdir,3
482409,516107,358695,
bucomm.c:parse_vma,2
498562,229030,
bucomm.c:get_file_size,13
314279,408100,510035,116668,511916,236601,148525,32330,521346,467721,57565,42919,193440,
bucomm.c:is_valid_archive_path,33
483525,108543,276196,416901,520522,468074,294044,309865,179695,175613,478114,318558,341025,323102,425507,261272,159968,48724,268349,71884,343986,377486,471373,120100,97166,338806,468385,472540,509200,144780,263608,270877,251579,
bucomm.c:do_display_target,18
335453,260939,260223,423008,194379,276486,496874,85905,424645,444469,315125,119964,315514,341669,282862,381704,64600,501365,
rddbg.c:read_debugging_info,105
350489,407448,201377,166449,516006,449410,191140,268696,197497,81796,205379,411841,228967,451673,78667,171742,465205,51739,353292,295077,211579,216929,65649,112382,314097,86754,203326,88905,71158,314147,431018,54694,16503,514230,324621,190517,505220,414631,368783,309727,196903,153780,370788,308234,258976,67484,59694,13354,228611,445992,288317,40857,519667,315830,458214,522755,497750,6771,394933,261908,413099,295328,451570,24703,311979,184838,58629,345257,156895,418171,238068,221651,44599,31492,19139,44866,98505,380744,124588,181681,351854,512576,67926,464492,470345,315643,250726,395656,241428,210570,196262,168518,71342,320555,430421,108210,344468,144183,430045,112929,442763,35940,441579,464527,334458,
rddbg.c:stab_context,11
419287,406245,301199,88492,149229,75416,252614,353939,307991,481185,111510,
rename.c:set_times,2
41773,453050,
rename.c:smart_rename,29
32251,247097,34638,424151,81131,112435,32274,416547,441692,488296,382803,499846,135596,388296,523770,50104,111997,249434,318864,392903,467435,287824,513564,250183,462886,443306,156111,285077,134930,
wrstabs.c:write_stabs_in_sections_debugging_info,18
227184,443777,187072,479096,454089,389409,480531,118875,145836,432839,30618,310282,275084,265527,283576,161812,14870,12372,
wrstabs.c:string_hash_newfunc,6
263944,364791,350574,298485,225999,248795,
wrstabs.c:stab_write_symbol,14
373965,442389,479691,143900,355555,150639,236946,101317,393753,453758,80869,327154,524174,213973,
wrstabs.c:stab_empty_type,2
518712,73432,
wrstabs.c:stab_void_type,2
95828,248685,
wrstabs.c:stab_int_type,14
219917,281719,277724,166029,220521,242198,381035,223396,465930,369060,127614,167413,521515,490428,
wrstabs.c:stab_float_type,12
232380,144286,83122,503482,334075,351229,412569,120296,240808,206933,369955,123979,
wrstabs.c:stab_bool_type,4
110451,95320,7951,200733,
wrstabs.c:stab_enum_type,22
276285,168340,246737,195966,292758,86834,92046,450356,26534,515306,184707,369772,406390,402837,2265,130384,424302,113670,446260,203277,332543,395770,
wrstabs.c:stab_function_type,13
497241,233156,454840,395977,339172,410418,182266,111328,368249,463081,16149,415016,362099,
wrstabs.c:stab_range_type,2
152852,384116,
wrstabs.c:stab_array_type,12
70656,346173,356556,3699,391985,469707,39857,42794,312216,392898,155020,303473,
wrstabs.c:stab_set_type,5
347169,139753,311639,67,356650,
wrstabs.c:stab_offset_type,6
161820,98679,417164,508390,244492,490269,
wrstabs.c:stab_method_type,41
175145,174042,4920,452802,374810,449678,251416,514144,95037,73437,11137,422376,138492,266597,430438,145983,510777,125050,124800,299802,329248,489886,462223,307860,301961,289830,29125,217111,70109,26314,192000,57554,492323,169898,236168,68157,170605,97505,513498,141513,262375,
wrstabs.c:stab_start_struct_type,6
79981,94973,459118,256513,141341,133442,
wrstabs.c:stab_struct_field,12
102714,381499,194312,218025,134508,296225,497171,113091,52318,21451,142678,429392,
wrstabs.c:stab_end_struct_type,5
281507,38654,85843,97456,273574,
wrstabs.c:stab_start_class_type,17
461170,48047,206068,19249,414569,263441,106528,378838,448059,244404,74738,514781,424471,285488,264893,476595,502661,
wrstabs.c:stab_class_static_member,8
356682,182910,162447,368064,76564,217361,78284,452632,
wrstabs.c:stab_class_baseclass,16
494296,324311,116474,36837,222134,436737,503506,174796,75263,187544,430898,139312,505914,438578,497805,382599,
wrstabs.c:stab_class_start_method,6
370004,428314,407117,364152,242594,279405,
wrstabs.c:stab_class_end_method,3
167423,33424,287620,
wrstabs.c:stab_end_class_type,23
480398,252290,177405,452095,293826,458617,369138,334760,266523,214028,322553,382989,154146,7584,268812,408539,489435,320344,370457,234248,149475,292133,472911,
wrstabs.c:stab_typedef_type,3
267490,320195,321534,
wrstabs.c:stab_tag_type,3
413852,196131,206361,
wrstabs.c:stab_typdef,9
231280,498920,175807,252073,82332,220014,238239,485157,363815,
wrstabs.c:stab_tag,4
108690,124639,64247,23057,
wrstabs.c:stab_int_constant,2
102121,521809,
wrstabs.c:stab_float_constant,2
422905,259367,
wrstabs.c:stab_typed_constant,4
344333,337317,407037,170362,
wrstabs.c:stab_variable,12
211941,472253,414685,82303,418797,427972,128827,436855,145931,15143,138889,442085,
wrstabs.c:stab_start_function,7
185397,31054,150475,170910,85729,10939,430655,
wrstabs.c:stab_function_parameter,6
499502,300184,283920,329928,135672,106575,
wrstabs.c:stab_start_block,10
520407,425327,204400,169031,154583,436870,157635,444369,498725,261816,
wrstabs.c:stab_end_block,10
151613,352838,466724,107733,110050,228924,459774,20086,216400,375340,
wrstabs.c:stab_lineno,8
508625,172189,286233,310547,443008,210322,85788,505867,
wrstabs.c:stab_modify_type,22
197350,106332,303622,413570,465220,378994,98486,4028,517968,224796,268488,16295,59130,257542,265489,173142,328434,245952,90444,346876,44603,188709,
wrstabs.c:stab_get_struct_index,14
431628,225913,368954,180933,461764,300363,423846,141525,272739,103600,69854,184654,484787,191675,
wrstabs.c:stab_class_method_var,32
208825,148191,48833,17186,300525,6654,395348,234608,340635,459955,166512,165972,388819,396665,357868,354420,444436,158571,352428,386769,373876,366667,176153,15556,453120,81587,514778,331712,73897,204340,268142,474171,
ldmain.c:main,151
221038,368220,305156,363504,37166,165343,449704,221068,311430,8643,264395,341064,505401,336691,280288,442172,33258,172266,322075,387369,399369,138079,355666,148742,416569,228433,75873,228926,256745,336870,501217,514072,16571,348601,173533,173599,240108,373400,146537,214294,155239,195494,487937,288100,465749,233140,355437,452865,384975,186367,488862,82835,147357,276168,454090,332713,408902,316155,428340,68659,180649,288192,436,383808,493949,419631,405854,138917,434415,322819,381259,449259,135164,114138,321093,409019,484596,513542,389693,346155,418949,293589,219678,329440,323303,494022,259215,446149,135832,433597,218796,434381,491251,139849,272409,191723,203215,467586,393531,28410,400709,372822,417139,5729,330682,485609,233366,204294,295049,32698,305860,210241,185447,407681,426278,247237,434236,438336,390454,355771,359103,222038,188507,268511,246188,2439,1343,12548,366219,241481,332032,46621,60202,44780,404735,123217,193356,307732,247300,341131,353164,521249,31962,17010,429738,142103,222922,479464,149394,209492,400508,
ldmain.c:ld_bfd_error_handler,2
269391,153677,
ldmain.c:ld_cleanup,3
451439,104790,370178,
ldmain.c:add_ysym,6
87565,288175,376649,517709,39389,519583,
ldmain.c:add_ignoresym,6
324249,21147,474715,503484,39061,420511,
ldmain.c:add_wrap,6
301423,69427,91657,339881,282458,298749,
ldmain.c:add_keepsyms_file,29
408953,416919,427696,186365,362685,177013,438152,139760,404797,145663,383646,63859,130408,130237,507508,23398,196870,316228,328244,327935,185818,479754,136870,52607,131211,199312,413360,465873,142623,
ldmain.c:add_archive_element,44
432347,500809,518017,371775,273669,288262,342372,57977,49474,393066,212227,300351,514846,150423,208905,3966,418890,48422,153879,198288,71640,504865,436343,187563,233402,63611,56330,332881,29098,503320,252062,354968,487774,34995,299299,20625,195546,260663,39758,69130,504568,194502,496704,83500,
ldmain.c:multiple_definition,24
486399,239518,45531,360838,473588,126382,104829,95250,148210,407976,279852,461129,85560,296744,134438,59490,442776,310722,369206,497324,18818,42817,246426,424022,
ldmain.c:multiple_common,37
493981,58317,260528,509678,126501,404064,138090,357488,238275,20598,291195,401700,93053,433660,58297,209828,116816,277536,263303,199145,20773,126455,18188,215442,103577,339658,229676,180497,137300,137921,423263,223588,91606,393136,239763,220425,146914,
ldmain.c:add_to_set,6
419399,306535,421567,346595,280597,454007,
ldmain.c:constructor_callback,18
374712,26676,262618,336094,465731,463043,258321,402572,439054,301338,190301,444719,493698,324517,319009,186813,321257,157779,
ldmain.c:warning_callback,22
139141,21505,397286,415163,138778,85778,318645,387710,470702,72239,50880,165831,126706,15035,41846,507550,142401,261571,489316,146719,445893,157351,
ldmain.c:undefined_symbol,33
95327,224910,328914,481854,169618,225396,476042,219999,413246,174588,208029,46759,64318,276863,425976,226175,454987,38757,223946,115120,119720,165601,56660,65076,64574,501266,151536,445660,217215,201779,108162,115919,354751,
ldmain.c:reloc_overflow,21
298476,150999,447974,229825,342195,474889,232103,122647,287779,232818,490039,407387,44650,71196,30124,315246,480356,217908,212677,493331,209930,
ldmain.c:notice,13
437855,459107,126827,310399,431750,285392,443680,306111,490611,416535,140547,223527,252358,
ldmain.c:warning_find_reloc,19
281901,466789,141045,409578,416571,298463,371763,478832,520775,462909,388812,114546,186514,129375,89261,321958,78847,338707,120527,
argv.c:dupargv,10
5415,339197,315962,418254,328162,420064,437976,242976,189194,291012,
argv.c:freeargv,6
387432,23083,174327,367144,42603,43621,
argv.c:buildargv,45
408255,296827,43572,108907,59528,511776,177513,120692,72362,40290,17549,381003,332289,287932,375801,422911,190084,459698,386244,81102,49001,418989,299055,68934,427097,306924,172598,112234,387498,355491,207432,498780,449565,106884,478508,233006,256577,229735,143101,402762,407894,490557,349037,36803,478670,
argv.c:writeargv,21
451259,122121,35043,335653,358920,329914,293094,195346,93548,297211,384357,157420,237021,429130,194416,141831,21039,22850,311351,198011,124089,
argv.c:expandargv,41
213622,65841,415726,223127,131411,369467,433823,271000,356025,197890,62516,237520,275012,443870,170568,476661,460856,268871,177603,16655,50907,73557,468323,299108,285685,273628,191640,433568,11444,415388,396822,41915,385975,161396,278496,348304,39886,289847,242130,283981,37378,
argv.c:countargv,6
351729,20182,171382,89871,213639,430243,
concat.c:concat_length,7
198539,474411,203185,183015,34602,4685,222369,
concat.c:concat_copy,7
15632,213719,127614,39014,105606,455094,397328,
concat.c:concat_copy2,7
495870,45589,423692,378046,156959,61450,241422,
concat.c:concat,14
171944,440836,138930,39743,177017,289118,397558,18272,116794,142530,159976,158096,144524,50507,
concat.c:reconcat,16
506616,272109,231432,341849,318924,112620,460350,254277,97375,79931,262404,376553,264396,436114,325417,90606,
filename_cmp.c:filename_hash,6
101389,106997,437663,142262,364346,329278,
hashtab.c:htab_create_typed_alloc,6
211281,37865,208549,191840,149041,127562,
hashtab.c:htab_create_alloc_ex,6
504495,317681,437523,233899,82557,8312,
hashtab.c:higher_prime_index,9
434350,77208,376410,141567,500469,470574,521183,510991,368391,
hashtab.c:htab_create,4
372436,33703,396856,199170,
hashtab.c:htab_try_create,4
14292,174008,432833,484095,
hashtab.c:htab_delete,13
211261,333416,399620,7973,494328,484032,150805,71009,152446,164783,51651,131481,121393,
hashtab.c:htab_empty,20
88547,389560,15692,384572,429362,134418,81523,442203,61203,369403,67674,236925,22575,72122,354520,459547,223454,491423,401353,63966,
hashtab.c:htab_find_with_hash,12
87324,219474,302844,210116,206110,496259,52793,506241,497474,229425,247591,246486,
hashtab.c:htab_find_slot_with_hash,29
489504,185903,41041,148708,448254,297213,505571,66569,38273,461177,247438,166434,497206,24042,36256,167266,484150,368041,78750,129269,360643,229527,409524,5032,334638,14575,385052,278412,52581,
hashtab.c:htab_expand,31
54191,48695,90310,50338,9461,450813,131806,40925,104808,133142,373958,51762,1280,45254,270497,57859,186674,21858,115112,211048,201286,263304,424743,170137,230390,115103,246772,468593,79393,3457,87396,
hashtab.c:htab_remove_elt,4
150291,167871,26766,244347,
hashtab.c:htab_remove_elt_with_hash,4
407557,375389,254437,450803,
hashtab.c:htab_clear_slot,7
281107,203566,236966,38788,174104,170832,468072,
hashtab.c:htab_traverse_noresize,8
238878,8010,266225,165444,272591,431917,195288,399536,
hashtab.c:htab_traverse,3
62353,278709,28278,
hashtab.c:htab_collisions,2
191970,172660,
hashtab.c:htab_hash_string,4
185248,19348,77432,223107,
hashtab.c:iterative_hash,23
140687,120218,475617,354845,516502,21025,147649,23818,349298,417746,119163,383055,409610,433443,136341,48196,97307,58871,36937,431884,439562,420902,12000,
strerror.c:errno_max,5
500963,472906,23894,149761,360767,
strerror.c:init_error_tables,12
475967,227472,469272,209947,371899,345311,90645,319423,64061,124017,161382,84170,
strerror.c:strerrno,9
88230,253885,499944,350310,11287,294125,1300,485975,504738,
strerror.c:strtoerrno,13
225454,198340,240685,60281,46629,465394,331663,238864,267328,151625,141856,146844,119184,
xmalloc.c:xmalloc_set_program_name,2
248733,396132,
xmalloc.c:xmalloc_failed,3
428946,49385,458579,
xmalloc.c:xmalloc,4
213539,404305,285068,49692,
xmalloc.c:xcalloc,5
119731,147015,497744,215275,269030,
xmalloc.c:xrealloc,7
201716,474675,33401,32453,74976,508769,115260,
