sec,branch
0,284
5,447
10,450
15,451
20,452
25,461
30,463
35,469
40,469
45,469
50,469
55,469
60,469
65,487
70,487
75,487
80,491
85,491
90,491
95,491
100,491
105,491
110,491
115,491
120,491
125,491
130,491
135,491
140,491
145,491
150,491
155,491
160,491
165,491
170,491
175,491
180,491
185,491
190,491
195,491
200,491
205,491
210,491
215,491
220,491
225,505
230,505
235,505
240,505
245,505
250,505
255,505
260,505
265,505
270,505
275,505
280,505
285,513
290,515
295,515
300,515
305,515
310,515
315,515
320,515
325,515
330,515
335,515
340,515
345,520
350,520
355,520
360,520
365,520
370,522
375,522
380,525
385,525
390,525
395,525
400,525
405,525
410,525
415,525
420,525
425,525
430,525
435,525
440,525
445,525
450,525
455,525
460,525
465,525
470,525
475,525
480,525
485,525
490,525
495,525
500,525
505,525
510,525
515,525
520,525
525,525
530,525
535,525
540,525
545,525
550,525
555,525
560,525
565,525
570,525
575,525
580,525
585,525
590,525
595,525
600,525
605,525
610,525
615,525
620,525
625,525
630,525
635,525
640,525
645,525
650,525
655,525
660,525
665,525
670,525
675,525
680,525
685,525
690,525
695,525
700,525
705,525
710,525
715,525
720,525
725,525
730,525
735,525
740,525
745,525
750,525
755,525
760,525
765,525
770,525
775,525
780,525
785,525
790,525
795,525
800,525
805,525
810,525
815,525
820,525
825,525
830,525
835,525
840,525
845,525
850,525
855,525
860,525
865,525
870,525
875,525
880,525
885,525
890,525
895,525
900,525
905,525
910,525
915,525
920,525
925,525
930,525
935,525
940,525
945,525
950,525
955,525
960,525
965,525
970,525
975,525
980,525
985,525
990,525
995,525
1000,525
1005,525
1010,525
1015,525
1020,525
1025,525
1030,525
1035,525
1040,525
1045,525
1050,525
1055,525
1060,525
1065,525
1070,525
1075,525
1080,525
1085,525
1090,525
1095,525
1100,525
1105,525
1110,525
1115,525
1120,525
1125,525
1130,525
1135,525
1140,569
1145,573
1150,573
1155,573
1160,573
1165,573
1170,573
1175,573
1180,573
1185,574
1190,574
1195,574
1200,574
1205,574
1210,574
1215,574
1220,574
1225,574
1230,574
1235,574
1240,574
1245,574
1250,574
1255,574
1260,574
1265,574
1270,574
1275,574
1280,574
1285,574
1290,574
1295,574
1300,574
1305,574
1310,574
1315,574
1320,574
1325,574
1330,574
1335,574
1340,574
1345,574
1350,574
1355,574
1360,574
1365,574
1370,574
1375,574
1380,574
1385,574
1390,574
1395,574
1400,574
1405,574
1410,574
1415,574
1420,574
1425,574
1430,574
1435,574
1440,574
1445,574
1450,574
1455,574
1460,574
1465,574
1470,574
1475,574
1480,574
1485,574
1490,574
1495,574
1500,574
1505,574
1510,574
1515,574
1520,574
1525,574
1530,574
1535,574
1540,574
1545,574
1550,574
1555,574
1560,574
1565,574
1570,574
1575,574
1580,574
1585,574
1590,574
1595,574
1600,574
1605,574
1610,574
1615,576
1620,576
1625,576
1630,576
1635,576
1640,576
1645,576
1650,576
1656,576
1661,576
1666,576
1671,576
1676,576
1681,576
1686,576
1691,576
1696,576
1701,576
1706,576
1711,576
1716,576
1721,576
1726,576
1731,576
1736,576
1741,576
1746,576
1751,576
1756,576
1761,576
1766,576
1771,576
1776,576
1781,576
1786,576
1791,576
1796,576
1801,576
1806,576
1811,576
1816,576
1821,576
1826,576
1831,576
1836,576
1841,576
1846,580
1851,580
1856,580
1861,580
1866,580
1871,580
1876,580
1881,580
1886,580
1891,580
1896,580
1901,580
1906,580
1911,580
1916,580
1921,580
1926,580
1931,580
1936,588
1941,588
1946,588
1951,588
1956,588
1961,595
1966,606
1971,607
1976,607
1981,607
1986,607
1991,607
1996,607
2001,607
2006,607
2011,607
2016,607
2021,607
2026,607
2031,607
2036,607
2041,607
2046,607
2051,607
2056,607
2061,607
2066,607
2071,607
2076,607
2081,607
2086,607
2091,607
2096,623
2101,623
2106,623
2111,623
2116,623
2121,626
2126,626
2131,626
2136,626
2141,626
2146,626
2151,626
2156,626
2161,626
2166,626
2171,626
2176,626
2181,626
2186,626
2191,626
2196,626
2201,626
2206,626
2211,626
2216,626
2221,626
2226,626
2231,626
2236,626
2241,626
2246,626
2251,626
2256,626
2261,626
2266,626
2271,626
2276,626
2281,626
2286,626
2291,626
2296,626
2301,626
2306,626
2311,626
2316,626
2321,626
2326,626
2331,626
2336,626
2341,626
2346,626
2351,626
2356,626
2361,626
2366,626
2371,626
2376,627
2381,627
2386,627
2391,627
2396,627
2401,627
2406,627
2411,627
2416,627
2421,627
2426,627
2431,627
2436,627
2441,627
2446,627
2451,627
2456,627
2461,627
2466,627
2471,627
2476,627
2481,627
2486,627
2491,627
2496,627
2501,627
2506,627
2511,627
2516,627
2521,627
2526,627
2531,627
2536,627
2541,627
2546,627
2551,627
2556,627
2561,627
2566,627
2571,627
2576,627
2581,627
2586,627
2591,627
2596,627
2601,627
2606,627
2611,627
2616,627
2621,627
2626,627
2631,627
2636,627
2641,627
2646,627
2651,627
2656,627
2661,627
2666,627
2671,627
2676,627
2681,627
2686,627
2691,627
2696,627
2701,627
2706,627
2711,627
2716,627
2721,627
2726,627
2731,627
2736,627
2741,627
2746,627
2751,627
2756,627
2761,627
2766,627
2771,627
2776,627
2781,627
2786,627
2791,627
2796,627
2801,627
2806,627
2811,627
2816,627
2821,627
2826,627
2831,627
2836,627
2841,627
2846,627
2851,627
2856,627
2861,627
2866,627
2871,627
2876,627
2881,627
2886,627
2891,627
2896,627
2901,627
2906,627
2911,627
2916,627
2921,627
2926,627
2931,627
2936,627
2941,627
2946,627
2951,627
2956,627
2961,627
2966,627
2971,627
2976,627
2981,627
2986,627
2991,627
2996,627
3001,627
3006,627
3011,627
3016,627
3021,627
3026,627
3031,627
3036,627
3041,627
3046,627
3051,627
3056,627
3061,627
3066,627
3071,627
3076,627
3081,627
3086,627
3091,627
3096,627
3101,627
3106,627
3111,627
3116,627
3121,627
3126,627
3131,627
3136,627
3141,627
3146,627
3151,627
3156,627
3161,627
3167,627
3172,627
3177,627
3182,627
3187,627
3192,627
3197,627
3202,627
3207,627
3212,627
3217,627
3222,627
3227,627
3232,627
3237,627
3242,627
3247,627
3252,627
3257,627
3262,627
3267,627
3272,627
3277,627
3282,627
3287,627
3292,627
3297,627
3302,627
3307,627
3312,627
3317,627
3322,627
3327,627
3332,627
3337,627
3342,627
3347,627
3352,627
3357,627
3362,627
3367,627
3372,627
3377,627
3382,627
3387,627
3392,627
3397,627
3402,627
3407,627
3412,630
3417,630
3422,630
3427,630
3432,630
3437,630
3442,630
3447,630
3452,630
3457,630
3462,630
3467,630
3472,630
3477,630
3482,630
3487,630
3492,630
3497,630
3502,630
3507,630
3512,630
3517,630
3522,630
3527,630
3532,630
3537,630
3542,630
3547,630
3552,630
3557,630
3562,630
3567,630
3572,630
3577,630
3582,630
3587,630
3592,630
3597,630
3602,630
3607,630
3612,630
3617,630
3622,630
3627,630
3632,630
3637,630
3642,630
3647,630
3652,630
3657,630
3662,630
3667,630
3672,630
3677,630
3682,630
3687,630
3692,630
3697,630
3702,630
3707,630
3712,630
3717,630
3722,630
3727,630
3732,630
3737,630
3742,630
3747,630
3752,630
3757,630
3762,630
3767,630
3772,630
3777,630
3782,630
3787,630
3792,630
3797,630
3802,630
3807,630
3812,630
3817,630
3822,630
3827,630
3832,630
3837,630
3842,630
3847,630
3852,630
3857,630
3862,630
3867,630
3872,630
3877,630
3882,630
3887,630
3892,630
3897,630
3902,630
3907,630
3912,630
3917,630
3922,630
3927,630
3932,630
3937,630
3942,630
3947,630
3952,630
3957,630
3962,630
3967,630
3972,630
3977,630
3982,630
3987,630
3992,630
3997,630
4002,630
4007,630
4012,630
4017,630
4022,630
4027,630
4032,630
4037,630
4042,630
4047,630
4052,630
4057,630
4062,630
4067,630
4072,630
4077,630
4082,630
4087,630
4092,630
4097,630
4102,630
4107,630
4112,630
4117,630
4122,630
4127,630
4132,630
4137,630
4142,630
4147,630
4152,630
4157,630
4162,630
4167,630
4172,630
4177,630
4182,630
4187,630
4192,630
4197,630
4202,630
4207,630
4212,630
4217,630
4222,630
4227,630
4232,630
4237,630
4242,630
4247,630
4252,630
4257,630
4262,630
4267,630
4272,630
4277,630
4282,630
4287,630
4292,630
4297,630
4302,630
4307,630
4312,630
4317,630
4322,630
4327,630
4332,630
4337,630
4342,630
4347,630
4352,630
4357,630
4362,630
4367,630
4372,630
4377,630
4382,630
4387,630
4392,630
4397,630
4402,630
4407,630
4412,630
4417,630
4422,630
4427,630
4432,630
4437,630
4442,630
4447,630
4452,630
4457,630
4462,630
4467,630
4472,630
4477,630
4482,630
4487,630
4492,630
4497,630
4502,630
4507,630
4512,630
4517,630
4523,630
4528,630
4533,630
4538,630
4543,630
4548,630
4553,630
4558,630
4563,630
4568,630
4573,630
4578,630
4583,630
4588,630
4593,630
4598,630
4603,630
4608,630
4613,630
4618,630
4623,630
4628,630
4633,630
4638,630
4643,630
4648,630
4653,630
4658,630
4663,630
4668,630
4673,630
4678,630
4683,630
4688,630
4693,630
4698,630
4703,630
4708,630
4713,630
4718,630
4723,630
4728,630
4733,630
4738,630
4743,630
4748,630
4753,630
4758,630
4763,630
4768,630
4773,630
4778,630
4783,630
4788,630
4793,630
4798,630
4803,630
4808,630
4813,630
4818,630
4823,630
4828,630
4833,630
4838,630
4843,630
4848,630
4853,630
4858,630
4863,630
4868,630
4873,630
4878,630
4883,630
4888,630
4893,630
4898,630
4903,630
4908,630
4913,630
4918,634
4923,634
4928,634
4933,634
4938,634
4943,634
4948,634
4953,634
4958,634
4963,634
4968,634
4973,634
4978,634
4983,634
4988,634
4993,634
4998,634
5003,634
5008,634
5013,634
5018,634
5023,634
5028,634
5033,634
5038,634
5043,634
5048,634
5053,634
5058,634
5063,634
5068,634
5073,634
5078,634
5083,634
5088,634
5093,634
5098,634
5103,634
5108,634
5113,634
5118,634
5123,634
5128,634
5133,634
5138,634
5143,634
5148,634
5153,634
5158,634
5163,634
5168,634
5173,634
5178,634
5183,634
5188,634
5193,634
5198,634
5203,634
5208,634
5213,634
5218,634
5223,634
5228,634
5233,634
5238,634
5243,634
5248,634
5253,634
5258,634
5263,634
5268,634
5273,634
5278,634
5283,634
5288,634
5293,634
5298,634
5303,634
5308,634
5313,634
5318,634
5323,634
5328,634
5333,634
5338,634
5343,634
5348,634
5353,634
5358,634
5363,634
5368,634
5373,634
5378,634
5383,634
5388,634
5393,634
5398,634
5403,634
5408,634
5413,634
5418,634
5423,634
5428,634
5433,634
5438,634
5443,634
5448,634
5453,634
5458,634
5463,634
5468,634
5473,634
5478,634
5483,634
5488,634
5493,634
5498,634
5503,634
5508,634
5513,634
5518,634
5523,634
5528,634
5533,634
5538,634
5543,634
5548,634
5553,634
5558,634
5563,634
5568,634
5573,634
5578,634
5583,634
5588,634
5593,634
5598,634
5603,634
5608,634
5613,634
5618,634
5623,634
5628,634
5633,634
5638,634
5643,634
5648,634
5653,634
5658,634
5663,634
5668,634
5673,634
5678,634
5683,634
5688,634
5693,634
5698,634
5703,634
5708,634
5713,634
5718,634
5723,634
5728,634
5733,634
5738,634
5743,634
5748,634
5753,634
5758,634
5763,634
5768,634
5774,634
5779,634
5784,634
5789,634
5794,634
5799,634
5804,634
5809,634
5814,634
5819,634
5824,634
5829,634
5834,634
5839,634
5844,634
5849,634
5854,634
5859,634
5864,634
5869,634
5874,634
5879,634
5884,634
5889,634
5894,634
5899,634
5904,634
5909,634
5914,634
5919,634
5924,634
5929,634
5934,634
5939,634
5944,634
5949,634
5954,634
5959,634
5964,634
5969,634
5974,634
5979,634
5984,634
5989,634
5994,634
5999,634
6004,634
6009,634
6014,634
6019,634
6024,634
6029,634
6034,634
6039,634
6044,634
6049,634
6054,634
6059,634
6064,634
6069,634
6074,634
6079,634
6084,634
6089,634
6094,634
6099,634
6104,634
6109,634
6114,634
6119,634
6124,634
6129,634
6134,634
6139,634
6144,634
6149,634
6154,634
6159,634
6164,634
6169,634
6174,634
6179,634
6184,634
6189,634
6194,634
6199,634
6204,634
6209,634
6214,634
6219,634
6224,634
6229,634
6234,634
6239,634
6244,634
6249,634
6254,634
6259,634
6264,634
6269,634
6274,634
6279,634
6284,634
6289,634
6294,634
6299,634
6304,634
6309,634
6314,634
6319,634
6324,634
6329,634
6334,634
6339,634
6344,634
6349,634
6354,634
6359,634
6364,634
6369,634
6374,634
6379,634
6384,634
6389,634
6394,634
6399,634
6404,634
6409,634
6414,634
6419,634
6424,634
6429,634
6434,634
6439,634
6444,634
6449,634
6454,634
6459,634
6464,634
6469,634
6474,634
6479,634
6484,634
6489,634
6494,634
6499,634
6504,634
6509,634
6514,634
6519,634
6524,634
6529,634
6534,634
6539,634
6544,634
6549,634
6554,634
6559,634
6564,634
6569,634
6574,634
6579,634
6584,634
6589,634
6594,634
6599,634
6604,634
6609,634
6614,634
6619,634
6624,634
6629,634
6634,634
6639,634
6644,634
6649,634
6654,634
6659,634
6664,634
6669,634
6674,634
6679,634
6684,634
6689,634
6694,634
6699,634
6704,634
6709,634
6714,634
6719,634
6724,634
6729,634
6734,634
6739,634
6744,634
6749,634
6754,634
6759,634
6764,634
6769,634
6774,634
6779,634
6784,634
6789,634
6794,634
6799,634
6804,634
6809,634
6814,634
6819,634
6824,634
6829,634
6834,634
6839,634
6844,634
6849,634
6854,634
6859,634
6864,634
6869,634
6874,634
6879,634
6884,634
6889,634
6894,634
6899,634
6904,634
6909,634
6914,634
6919,634
6924,634
6929,634
6934,634
6939,634
6944,634
6949,634
6954,634
6959,634
6964,634
6969,634
6974,634
6979,634
6984,634
6989,634
6994,634
6999,634
7004,634
7010,634
7015,634
7020,634
7025,634
7030,634
7035,634
7040,634
7045,634
7050,634
7055,634
7060,634
7065,634
7070,634
7075,634
7080,634
7085,634
7090,634
7095,634
7100,634
7105,634
7110,634
7115,634
7120,634
7125,634
7130,634
7135,634
7140,634
7145,634
7150,634
7155,634
7160,634
7165,634
7170,634
7175,634
7180,634
7185,634
7190,634
7195,634
7200,634
7205,634
7210,634
7215,634
7220,634
7225,634
7230,634
7235,634
7240,634
7245,634
7250,634
7255,634
7260,634
7265,634
7270,634
7275,634
7280,634
7285,634
7290,634
7295,634
7300,634
7305,634
7310,634
7315,634
7320,634
7325,634
7330,634
7335,634
7340,634
7345,634
7350,634
7355,634
7360,634
7365,634
7370,634
7375,634
7380,634
7385,634
7390,634
7395,634
7400,634
7405,634
7410,634
7415,634
7420,634
7425,634
7430,634
7435,634
7440,634
7445,634
7450,634
7455,634
7460,634
7465,634
7470,634
7475,634
7480,634
7485,634
7490,634
7495,634
7500,634
7505,634
7510,634
7515,634
7520,634
7525,634
7530,634
7535,634
7540,634
7545,634
7550,634
7555,634
7560,634
7565,634
7570,634
7575,634
7580,634
7585,634
7590,634
7595,634
7600,634
7605,634
7610,634
7615,634
7620,634
7625,634
7630,634
7635,634
7640,634
7645,634
7650,634
7655,634
7660,634
7665,634
7670,634
7675,634
7680,634
7685,634
7690,634
7695,634
7700,634
7705,634
7710,634
7715,634
7720,634
7725,634
7730,634
7735,634
7740,634
7745,634
7750,634
7755,634
7760,634
7765,634
7770,634
7775,634
7780,634
7785,634
7790,634
7795,634
7800,634
7805,634
7810,634
7815,634
7820,634
7825,634
7830,634
7835,634
7840,634
7845,634
7850,634
7855,634
7860,634
7865,634
7870,634
7875,634
7880,634
7885,634
7890,634
7895,634
7900,634
7905,634
7910,634
7915,634
7920,634
7925,634
7930,634
7935,634
7940,634
7945,634
7950,634
7955,634
7960,634
7965,634
7970,634
7975,634
7980,634
7985,634
7990,634
7995,634
8000,634
8005,634
8010,634
8015,634
8020,634
8025,634
8030,634
8035,634
8040,634
8045,634
8050,634
8055,634
8060,634
8065,634
8070,634
8075,634
8080,634
8085,634
8090,634
8095,634
8100,634
8105,634
8110,634
8115,634
8120,634
8125,634
8131,634
8136,634
8141,634
8146,634
8151,634
8156,634
8161,634
8166,634
8171,634
8176,634
8181,634
8186,634
8191,634
8196,634
8201,634
8206,634
8211,634
8216,634
8221,634
8226,634
8231,634
8236,634
8241,634
8246,634
8251,634
8256,634
8261,634
8266,634
8271,634
8276,634
8281,634
8286,634
8291,634
8296,634
8301,634
8306,634
8311,634
8316,634
8321,634
8326,634
8331,634
8336,634
8341,634
8346,634
8351,634
8356,634
8361,634
8366,634
8371,634
8376,634
8381,634
8386,634
8391,634
8396,634
8401,634
8406,634
8411,634
8416,634
8421,634
8426,634
8431,634
8436,634
8441,634
8446,634
8451,634
8456,634
8461,634
8466,634
8471,634
8476,634
8481,634
8486,634
8491,634
8496,634
8501,634
8506,634
8511,634
8516,634
8521,634
8526,634
8531,634
8536,634
8541,634
8546,634
8551,634
8556,634
8561,634
8566,634
8571,634
8576,634
8581,634
8586,634
8591,634
8596,634
8601,634
8606,634
8611,634
8616,634
8621,634
8626,634
8631,634
8636,634
8641,634
8646,634
8651,634
8656,634
8661,634
8666,634
8671,634
8676,634
8681,634
8686,634
8691,634
8696,634
8701,634
8706,634
8711,634
8716,634
8721,634
8726,634
8731,634
8736,634
8741,634
8746,634
8751,634
8756,634
8761,634
8766,634
8771,634
8776,634
8781,634
8786,634
8791,634
8796,634
8801,634
8806,634
8811,634
8816,634
8821,634
8826,634
8831,634
8836,634
8841,634
8846,634
8851,634
8856,634
8861,634
8866,634
8871,634
8876,634
8881,634
8886,634
8891,634
8896,634
8901,634
8906,634
8911,634
8916,634
8921,634
8926,634
8931,634
8936,634
8941,634
8946,634
8951,634
8956,634
8961,634
8966,634
8971,634
8976,634
8981,634
8986,634
8991,634
8996,634
9001,634
9006,634
9011,634
9016,634
9021,634
9026,634
9031,634
9036,634
9041,634
9046,634
9051,634
9056,634
9061,634
9066,634
9071,634
9076,634
9081,634
9086,634
9091,634
9096,634
9101,634
9106,634
9111,634
9116,634
9121,634
9126,634
9131,634
9136,634
9141,634
9146,634
9151,634
9156,634
9161,634
9166,634
9171,634
9176,634
9181,634
9186,634
9191,634
9196,634
9201,634
9206,634
9211,634
9216,634
9222,634
9227,634
9232,634
9237,634
9242,634
9247,634
9252,634
9257,634
9262,634
9267,634
9272,634
9277,634
9282,634
9287,634
9292,634
9297,634
9302,634
9307,634
9312,634
9317,634
9322,634
9327,634
9332,634
9337,634
9342,634
9347,634
9352,634
9357,634
9362,634
9367,634
9372,634
9377,634
9382,634
9387,634
9392,634
9397,634
9402,634
9407,634
9412,634
9417,634
9422,634
9427,634
9432,634
9437,634
9442,634
9447,634
9452,634
9457,634
9462,634
9467,634
9472,634
9477,634
9482,634
9487,634
9492,634
9497,634
9502,634
9507,634
9512,634
9517,634
9522,634
9527,634
9532,634
9537,634
9542,634
9547,634
9552,634
9557,634
9562,634
9567,634
9572,634
9577,634
9582,634
9587,634
9592,634
9597,634
9602,634
9607,634
9612,634
9617,634
9622,634
9627,634
9632,634
9637,634
9642,634
9647,634
9652,634
9657,634
9662,634
9667,634
9672,634
9677,634
9682,634
9687,634
9692,634
9697,634
9702,634
9707,634
9712,634
9717,634
9722,634
9727,634
9732,634
9737,634
9742,634
9747,634
9752,634
9757,634
9762,634
9767,634
9772,634
9777,634
9782,634
9787,634
9792,634
9797,634
9802,634
9807,634
9812,634
9817,634
9822,634
9827,634
9832,634
9837,634
9842,634
9847,634
9852,634
9857,634
9862,634
9867,634
9872,634
9877,634
9882,634
9887,634
9892,634
9897,634
9902,634
9907,634
9912,634
9917,634
9922,634
9927,634
9932,634
9937,634
9942,634
9947,634
9952,634
9957,634
9962,634
9967,634
9972,634
9977,634
9982,634
9987,634
9992,634
9997,634
10002,634
10007,634
10012,634
10017,634
10022,634
10027,634
10032,634
10037,634
10042,634
10047,634
10052,634
10057,634
10062,634
10067,634
10072,634
10077,634
10082,634
10087,634
10092,634
10097,634
10102,634
10107,634
10112,634
10117,634
10122,634
10127,634
10132,634
10137,634
10142,634
10147,634
10152,634
10157,634
10162,634
10167,634
10172,634
10177,634
10182,634
10187,634
10192,634
10197,634
10202,634
10207,634
10212,634
10217,636
10222,636
10227,636
10232,636
10237,636
10242,636
10247,636
10252,636
10257,636
10262,636
10267,636
10272,636
10277,636
10282,636
10287,636
10292,636
10297,636
10302,636
10307,636
10312,636
10318,636
10323,636
10328,636
10333,636
10338,636
10343,636
10348,636
10353,636
10358,636
10363,636
10368,636
10373,636
10378,636
10383,636
10388,636
10393,636
10398,636
10403,636
10408,636
10413,636
10418,636
10423,636
10428,636
10433,636
10438,636
10443,636
10448,636
10453,636
10458,636
10463,636
10468,636
10473,636
10478,636
10483,636
10488,636
10493,636
10498,636
10503,636
10508,636
10513,636
10518,636
10523,636
10528,636
10533,636
10538,636
10543,636
10548,636
10553,636
10558,636
10563,636
10568,636
10573,636
10578,636
10583,636
10588,636
10593,636
10598,636
10603,636
10608,636
10613,636
10618,636
10623,636
10628,636
10633,636
10638,636
10643,636
10648,636
10653,636
10658,636
10663,636
10668,636
10673,636
10678,636
10683,636
10688,636
10693,636
10698,636
10703,636
10708,636
10713,636
10718,636
10723,636
10728,636
10733,636
10738,636
10743,636
10748,636
10753,636
10758,636
10763,636
10768,636
10773,636
10778,636
10783,636
10788,636
10793,636
10798,636
10803,636
10808,636
10813,636
10818,636
10823,636
10828,636
10833,636
10838,636
10843,636
10848,636
10853,636
10858,636
10863,636
10868,636
10873,636
10878,636
10883,636
10888,636
10893,636
10898,636
10903,636
10908,636
10913,636
10918,636
10923,636
10928,636
10933,636
10938,636
10943,636
10948,636
10953,636
10958,636
10963,636
10968,636
10973,636
10978,636
10983,636
10988,636
10993,636
10998,636
11003,636
11008,636
11013,636
11018,636
11023,636
11028,636
11033,636
11038,636
11043,636
11048,636
11053,636
11058,636
11063,636
11068,636
11073,636
11078,636
11083,636
11088,636
11093,636
11098,636
11103,636
11108,636
11113,636
11118,636
11123,636
11128,636
11133,636
11138,636
11143,636
11148,636
11153,636
11158,636
11163,636
11168,636
11173,636
11178,636
11183,636
11188,636
11193,636
11198,636
11203,636
11208,636
11213,636
11218,636
11223,636
11228,636
11233,636
11238,636
11243,636
11248,636
11253,636
11258,636
11263,636
11268,636
11273,636
11278,636
11283,636
11288,636
11293,636
11298,636
11303,636
11308,636
11313,636
11318,636
11323,636
11328,636
11333,636
11338,636
11343,636
11348,636
11353,636
11359,636
11364,636
11369,636
11374,636
11379,636
11384,636
11389,636
11394,636
11399,636
11404,636
11409,636
11414,636
11419,636
11424,636
11429,636
11434,636
11439,636
11444,636
11449,636
11454,636
11459,636
11464,636
11469,636
11474,636
11479,636
11484,636
11489,636
11494,636
11499,636
11504,636
11509,636
11514,636
11519,636
11524,636
11529,636
11534,636
11539,636
11544,636
11549,636
11554,636
11559,636
11564,636
11569,636
11574,636
11579,636
11584,636
11589,636
11594,636
11599,636
11604,636
11609,636
11614,636
11619,636
11624,636
11629,636
11634,636
11639,636
11644,636
11649,636
11654,636
11659,636
11664,636
11669,636
11674,636
11679,636
11684,636
11689,636
11694,636
11699,636
11704,636
11709,636
11714,636
11719,636
11724,636
11729,636
11734,636
11739,636
11744,636
11749,636
11754,636
11759,636
11764,636
11769,636
11774,636
11779,636
11784,636
11789,636
11794,636
11799,636
11804,636
11809,636
11814,636
11819,636
11824,636
11829,636
11834,636
11839,636
11844,636
11849,636
11854,636
11859,636
11864,636
11869,636
11874,636
11879,636
11884,636
11889,636
11894,636
11899,636
11904,636
11909,636
11914,636
11919,636
11924,636
11929,636
11934,636
11939,636
11944,636
11949,636
11954,636
11959,636
11964,636
11969,636
11974,636
11979,636
11984,636
11989,636
11994,636
11999,636
12004,636
12009,636
12014,636
12019,636
12024,636
12029,636
12034,636
12039,636
12044,636
12049,636
12054,636
12059,636
12064,636
12069,636
12074,636
12079,636
12084,636
12089,636
12094,637
12099,637
12104,637
12109,637
12114,637
12119,637
12124,637
12129,637
12134,637
12139,637
12144,637
12149,637
12154,637
12159,637
12164,637
12169,637
12174,637
12179,637
12184,637
12189,637
12194,637
12199,637
12204,637
12209,637
12214,637
12219,637
12224,637
12229,637
12234,637
12239,637
12244,637
12249,637
12254,637
12259,637
12264,637
12269,637
12274,637
12279,637
12284,637
12289,637
12294,637
12299,637
12304,637
12309,637
12314,637
12319,637
12324,637
12330,637
12335,637
12340,637
12345,637
12350,637
12355,637
12360,637
12365,637
12370,637
12375,637
12380,637
12385,637
12390,637
12395,637
12400,637
12405,637
12410,637
12415,637
12420,637
12425,637
12430,637
12435,637
12440,637
12445,637
12450,637
12455,637
12460,637
12465,637
12470,637
12475,637
12480,637
12485,637
12490,637
12495,637
12500,637
12505,637
12510,637
12515,637
12520,637
12525,637
12530,637
12535,637
12540,637
12545,637
12550,637
12555,637
12560,637
12565,637
12570,637
12575,637
12580,637
12585,637
12590,637
12595,637
12600,637
12605,637
12610,637
12615,637
12620,637
12625,637
12630,637
12635,637
12640,637
12645,637
12650,637
12655,637
12660,637
12665,637
12670,637
12675,637
12680,637
12685,637
12690,637
12695,637
12700,637
12705,637
12710,637
12715,637
12720,637
12725,637
12730,637
12735,637
12740,637
12745,637
12750,637
12755,637
12760,637
12765,637
12770,637
12775,637
12780,637
12785,637
12790,637
12795,637
12800,637
12805,637
12810,637
12815,637
12820,637
12825,637
12830,637
12835,637
12840,637
12845,637
12850,637
12855,637
12860,637
12865,637
12870,637
12875,637
12880,637
12885,637
12890,637
12895,637
12900,637
12905,637
12910,637
12915,637
12920,637
12925,637
12930,637
12935,637
12940,637
12945,637
12950,637
12955,637
12960,637
12965,637
12970,637
12975,637
12980,637
12985,637
12990,637
12995,637
13000,637
13005,637
13010,637
13015,637
13020,637
13025,637
13030,637
13035,637
13040,637
13045,637
13050,637
13055,637
13060,637
13065,637
13070,637
13075,637
13080,637
13085,637
13090,637
13095,637
13100,637
13105,637
13110,637
13115,637
13120,637
13125,637
13130,637
13135,637
13140,637
13145,637
13150,637
13155,637
13160,637
13165,637
13170,637
13175,637
13180,637
13185,637
13190,637
13195,637
13200,637
13205,637
13210,637
13215,637
13220,637
13225,637
13230,637
13235,637
13240,637
13245,637
13250,637
13255,637
13260,637
13265,637
13270,637
13275,637
13280,637
13285,637
13290,637
13295,637
13300,637
13305,637
13310,637
13315,637
13320,637
13326,637
13331,637
13336,637
13341,637
13346,637
13351,637
13356,637
13361,637
13366,637
13371,637
13376,637
13381,637
13386,637
13391,637
13396,637
13401,637
13406,637
13411,637
13416,637
13421,637
13426,637
13431,637
13436,637
13441,637
13446,637
13451,637
13456,637
13461,637
13466,637
13471,637
13476,637
13481,637
13486,637
13491,637
13496,637
13501,637
13506,637
13511,637
13516,637
13521,637
13526,637
13531,637
13536,637
13541,637
13546,637
13551,637
13556,637
13561,637
13566,637
13571,637
13576,637
13581,637
13586,637
13591,637
13596,637
13601,637
13606,637
13611,637
13616,637
13621,637
13626,637
13631,637
13636,637
13641,637
13646,637
13651,637
13656,637
13661,637
13666,637
13671,637
13676,637
13681,637
13686,637
13691,637
13696,637
13701,637
13706,637
13711,637
13716,637
13721,637
13726,637
13731,637
13736,637
13741,637
13746,637
13751,637
13756,637
13761,637
13766,637
13771,637
13776,637
13781,637
13786,637
13791,637
13796,637
13801,637
13806,637
13811,637
13816,637
13821,637
13826,637
13831,637
13836,637
13841,637
13846,637
13851,637
13856,637
13861,637
13866,637
13871,637
13876,637
13881,637
13886,637
13891,637
13896,637
13901,637
13906,637
13911,637
13916,637
13921,637
13926,637
13931,637
13936,637
13941,637
13946,637
13951,637
13956,637
13961,637
13966,637
13971,637
13976,637
13981,637
13986,637
13991,637
13996,637
14001,637
14006,637
14011,637
14016,637
14021,637
14026,637
14031,637
14036,637
14041,637
14046,637
14051,637
14056,637
14061,637
14066,637
14071,637
14076,637
14081,637
14086,637
14091,637
14096,637
14101,637
14106,637
14111,637
14116,637
14121,637
14126,637
14131,637
14136,637
14141,637
14146,637
14151,637
14156,637
14161,637
14166,637
14171,637
14176,637
14181,637
14187,637
14192,637
14197,637
14202,637
14207,637
14212,637
14217,637
14222,637
14227,637
14232,637
14237,637
14242,637
14247,637
14252,637
14257,637
14262,637
14267,637
14272,637
14277,637
14282,637
14287,637
14292,637
14297,637
14302,637
14307,637
14312,637
14317,637
14322,637
14327,637
14332,637
14337,637
14342,637
14347,637
14352,637
14357,637
14362,637
14367,637
14372,637
14377,637
14382,637
14387,637
14392,637
14397,637
14402,637
14407,637
14412,637
14417,637
14422,637
14427,637
14432,637
14437,637
14442,637
14447,637
14452,637
14457,637
14462,637
14467,637
14472,637
14477,637
14482,637
14487,637
14492,637
14497,637
14502,637
14507,637
14512,637
14517,637
14522,637
14527,637
14532,637
14537,637
14542,637
14547,637
14552,637
14557,637
14562,637
14567,637
14572,637
14577,637
14582,637
14587,637
14592,637
14597,637
14602,637
14607,637
14612,637
14617,637
14622,639
14627,639
14632,639
14637,639
14642,639
14647,639
14652,639
14657,639
14662,639
14667,639
14672,639
14677,639
14682,639
14687,639
14692,639
14697,639
14702,639
14707,639
14712,639
14717,639
14722,639
14727,639
14732,639
14737,639
14742,639
14747,639
14752,639
14757,639
14762,639
14767,639
14772,639
14777,639
14782,639
14787,639
14792,639
14797,639
14802,639
14807,639
14812,639
14817,639
14822,639
14827,639
14832,639
14837,639
14842,639
14847,639
14852,639
14857,639
14862,639
14867,639
14872,639
14877,639
14882,639
14887,639
14892,639
14897,639
14902,639
14907,639
14912,639
14917,639
14922,639
14927,639
14932,639
14937,639
14942,639
14947,639
14952,639
14957,639
14962,639
14967,639
14972,639
14977,639
14982,639
14987,639
14992,639
14997,639
15002,639
15007,639
15012,639
15017,639
15022,639
15027,639
15033,639
15038,639
15043,639
15048,639
15053,639
15058,639
15063,639
15068,639
15073,639
15078,639
15083,639
15088,639
15093,639
15098,639
15103,639
15108,639
15113,639
15118,639
15123,639
15128,639
15133,639
15138,639
15143,639
15148,639
15153,639
15158,639
15163,639
15168,639
15173,639
15178,639
15183,639
15188,639
15193,639
15198,639
15203,639
15208,639
15213,639
15218,639
15223,639
15228,639
15233,639
15238,639
15243,639
15248,639
15253,639
15258,639
15263,639
15268,639
15273,639
15278,639
15283,639
15288,639
15293,639
15298,639
15303,639
15308,639
15313,639
15318,639
15323,639
15328,639
15333,639
15338,639
15343,639
15348,639
15353,639
15358,639
15363,639
15368,639
15373,639
15378,639
15383,639
15388,639
15393,639
15398,639
15403,639
15408,639
15413,639
15418,639
15423,639
15428,639
15433,639
15438,639
15443,639
15448,639
15453,639
15458,639
15463,639
15468,639
15473,639
15478,639
15483,639
15488,639
15493,639
15498,639
15503,639
15508,639
15513,639
15518,639
15523,639
15528,639
15533,639
15538,639
15543,639
15548,639
15553,639
15558,639
15563,639
15568,639
15573,639
15578,639
15583,639
15588,639
15593,639
15598,639
15603,639
15608,639
15613,639
15618,639
15623,639
15628,639
15633,639
15638,639
15643,639
15648,639
15653,639
15658,639
15663,639
15668,639
15673,639
15678,639
15683,639
15688,639
15693,639
15698,639
15703,639
15708,639
15713,639
15718,639
15723,639
15728,639
15733,639
15738,639
15743,639
15748,639
15753,639
15758,639
15763,639
15768,639
15773,639
15778,639
15783,639
15788,639
15793,639
15798,639
15803,639
15808,639
15813,639
15818,639
15823,639
15828,639
15833,639
15838,639
15843,639
15848,639
15853,639
15859,639
15864,639
15869,639
15874,639
15879,639
15884,639
15889,639
15894,639
15899,639
15904,639
15909,639
15914,639
15919,639
15924,639
15929,639
15934,639
15939,639
15944,639
15949,639
15954,639
15959,639
15964,639
15969,639
15974,639
15979,639
15984,639
15989,639
15994,639
15999,639
16004,639
16009,639
16014,639
16019,639
16024,639
16029,639
16034,639
16039,639
16044,639
16049,639
16054,639
16059,639
16064,639
16069,639
16074,639
16079,639
16084,639
16089,639
16094,639
16099,639
16104,639
16109,639
16114,639
16119,639
16124,639
16129,639
16134,639
16139,639
16144,639
16149,639
16154,639
16159,639
16164,639
16169,639
16174,639
16179,639
16184,639
16189,639
16194,639
16199,639
16204,639
16209,639
16214,639
16219,639
16224,639
16229,639
16234,639
16239,639
16244,639
16249,639
16254,639
16259,639
16264,639
16269,639
16274,639
16279,639
16284,639
16289,639
16294,639
16299,639
16304,639
16309,639
16314,639
16319,639
16324,639
16329,639
16334,639
16339,639
16344,639
16349,639
16354,639
16359,639
16364,639
16369,639
16374,639
16379,641
16384,641
16389,641
16394,641
16399,641
16404,641
16409,641
16414,641
16419,641
16424,641
16429,641
16434,641
16439,641
16444,641
16449,641
16454,641
16459,641
16464,641
16469,641
16474,641
16479,641
16484,641
16489,641
16494,641
16499,641
16504,641
16509,641
16514,641
16519,641
16524,641
16529,641
16534,641
16539,641
16544,641
16549,641
16554,641
16559,641
16564,641
16569,641
16574,641
16579,641
16584,641
16589,641
16594,641
16599,641
16604,641
16609,641
16614,641
16619,641
16624,641
16629,641
16634,641
16639,641
16644,641
16649,641
16655,641
16660,641
16665,641
16670,641
16675,641
16680,641
16685,641
16690,641
16695,641
16700,641
16705,641
16710,641
16715,641
16720,641
16725,641
16730,641
16735,641
16740,641
16745,641
16750,641
16755,641
16760,641
16765,641
16770,641
16775,641
16780,641
16785,641
16790,641
16795,641
16800,641
16805,641
16810,641
16815,641
16820,641
16825,641
16830,641
16835,641
16840,641
16845,641
16850,641
16855,641
16860,641
16865,641
16870,641
16875,641
16880,641
16885,641
16890,641
16895,641
16900,641
16905,641
16910,641
16915,641
16920,641
16925,641
16930,641
16935,641
16940,641
16945,641
16950,641
16955,641
16960,641
16965,641
16970,641
16975,641
16980,641
16985,641
16990,641
16995,641
17000,641
17005,641
17010,641
17015,641
17020,641
17025,641
17030,641
17035,641
17040,641
17045,641
17050,641
17055,641
17060,641
17065,641
17070,641
17075,641
17080,641
17085,641
17090,641
17095,641
17100,641
17105,641
17110,641
17115,641
17120,641
17125,641
17130,641
17135,641
17140,641
17145,641
17150,641
17155,641
17160,641
17165,641
17170,641
17175,641
17180,641
17185,641
17190,641
17195,641
17200,641
17205,641
17210,641
17215,641
17220,641
17225,641
17230,641
17235,641
17240,641
17245,641
17250,641
17255,641
17260,641
17265,641
17270,641
17275,641
17280,641
17285,641
17290,641
17295,641
17300,641
17305,641
17310,641
17315,641
17320,641
17325,641
17330,641
17335,641
17340,641
17345,641
17350,641
17355,641
17360,641
17365,641
17370,641
17375,641
17380,641
17385,641
17390,641
17395,641
17400,641
17405,641
17410,641
17415,641
17420,641
17425,641
17430,641
17435,641
17440,641
17445,641
17450,641
17455,641
17460,641
17465,641
17471,641
17476,641
17481,641
17486,641
17491,641
17496,641
17501,641
17506,641
17511,641
17516,641
17521,641
17526,641
17531,641
17536,641
17541,641
17546,641
17551,641
17556,641
17561,641
17566,641
17571,641
17576,641
17581,641
17586,641
17591,641
17596,641
17601,641
17606,641
17611,641
17616,641
17621,641
17626,641
17631,641
17636,641
17641,641
17646,641
17651,641
17656,641
17661,641
17666,641
17671,641
17676,641
17681,641
17686,641
17691,641
17696,641
17701,641
17706,641
17711,641
17716,641
17721,641
17726,641
17731,641
17736,641
17741,641
17746,641
17751,641
17756,641
17761,641
17766,641
17771,641
17776,641
17781,641
17786,641
17791,641
17796,641
17801,641
17806,641
17811,641
17816,641
17821,641
17826,641
17831,641
17836,641
17841,641
17846,641
17851,641
17856,641
17861,641
17866,641
17871,641
17876,641
17881,641
17886,641
17891,641
17896,641
17901,641
17906,641
17911,641
17916,641
17921,641
17926,641
17931,641
17936,641
17941,641
17946,641
17951,641
17956,641
17961,641
17966,641
17971,641
17976,641
17981,641
17986,641
17991,641
17996,641
18001,641
18006,641
18011,641
18016,641
18021,641
18026,641
18031,641
18036,641
18041,641
18046,641
18051,641
18056,641
18061,641
18066,641
18071,641
18076,641
18081,641
18086,641
18091,641
18096,641
18101,641
18106,641
18111,641
18116,641
18121,641
18126,641
18131,641
18136,641
18141,641
18146,641
18151,641
18156,641
18161,641
18166,641
18171,641
18176,641
18181,641
18186,641
18191,641
18197,641
18202,641
18207,641
18212,641
18217,641
18222,641
18227,641
18232,641
18237,641
18242,641
18247,641
18252,641
18257,641
18262,641
18267,641
18272,641
18277,641
18282,641
18287,641
18292,641
18297,641
18302,641
18307,641
18312,641
18317,641
18322,641
18327,641
18332,641
18337,641
18342,641
18347,641
18352,641
18357,641
18362,641
18367,641
18372,641
18377,641
18382,641
18387,641
18392,641
18397,641
18402,641
18407,641
18412,641
18417,641
18422,641
18427,641
18432,641
18437,641
18442,641
18447,641
18452,641
18457,641
18462,641
18467,641
18472,641
18477,641
18482,641
18487,641
18492,641
18497,641
18502,641
18507,641
18512,641
18517,641
18522,641
18527,641
18532,641
18537,641
18542,641
18547,641
18552,641
18557,641
18562,641
18567,641
18572,641
18577,641
18582,641
18587,641
18592,641
18597,641
18602,641
18607,641
18612,641
18617,641
18622,641
18627,641
18632,641
18637,641
18642,641
18647,641
18652,641
18657,641
18662,641
18667,641
18672,641
18677,641
18682,641
18687,641
18692,641
18697,641
18702,641
18707,641
18712,641
18717,641
18722,641
18727,641
18732,641
18737,641
18742,641
18747,641
18752,641
18757,641
18762,641
18767,641
18772,641
18777,641
18782,641
18787,641
18792,641
18797,641
18802,641
18807,641
18812,641
18817,641
18822,641
18827,641
18832,641
18837,641
18842,641
18847,641
18852,641
18857,641
18862,641
18867,641
18872,641
18877,641
18883,641
18888,641
18893,641
18898,641
18903,641
18908,641
18913,641
18918,641
18923,641
18928,641
18933,641
18938,641
18943,641
18948,641
18953,641
18958,641
18963,641
18968,641
18973,641
18978,641
18983,641
18988,641
18993,641
18998,641
19003,641
19008,641
19013,641
19018,641
19023,641
19028,641
19033,641
19038,641
19043,641
19048,641
19053,641
19058,641
19063,641
19068,641
19073,641
19078,641
19083,641
19088,641
19093,641
19098,641
19103,641
19108,641
19113,641
19118,641
19123,641
19128,641
19133,641
19138,641
19143,641
19148,641
19153,641
19158,641
19163,641
19168,641
19173,641
19178,641
19183,641
19188,641
19193,641
19198,641
19203,641
19208,641
19213,641
19218,641
19223,641
19228,641
19233,641
19238,641
19243,641
19248,641
19253,641
19258,641
19263,641
19268,641
19273,641
19278,641
19283,641
19288,641
19293,641
19298,641
19303,641
19308,641
19313,641
19318,641
19323,641
19328,641
19333,641
19338,641
19343,641
19348,641
19353,641
19358,641
19363,641
19368,641
19373,641
19378,641
19383,641
19388,641
19393,641
19398,641
19403,641
19408,641
19413,641
19418,641
19423,641
19428,641
19433,641
19438,641
19443,641
19448,641
19453,641
19458,641
19463,641
19468,641
19473,641
19478,641
19483,641
19488,641
19493,641
19498,641
19503,641
19508,641
19513,641
19518,641
19523,641
19528,641
19533,641
19538,641
19543,641
19548,641
19553,641
19558,641
19564,641
19569,641
19574,641
19579,641
19584,641
19589,641
19594,641
19599,641
19604,641
19609,641
19614,641
19619,641
19624,641
19629,641
19634,641
19639,641
19644,641
19649,641
19654,641
19659,641
19664,641
19669,641
19674,641
19679,641
19684,641
19689,641
19694,641
19699,641
19704,641
19709,641
19714,641
19719,641
19724,641
19729,641
19734,641
19739,641
19744,641
19749,641
19754,641
19759,641
19764,641
19769,641
19774,641
19779,641
19784,641
19789,641
19794,641
19799,641
19804,641
19809,641
19814,641
19819,641
19824,641
19829,641
19834,641
19839,641
19844,641
19849,641
19854,641
19859,641
19864,641
19869,641
19874,641
19879,641
19884,641
19889,641
19894,641
19899,641
19904,641
19909,641
19914,641
19919,641
19924,641
19929,641
19934,641
19939,641
19944,641
19949,641
19954,641
19959,641
19964,641
19969,641
19974,641
19979,641
19984,641
19989,641
19994,641
19999,641
20004,641
20009,641
20014,641
20019,641
20024,641
20029,641
20034,641
20039,641
20044,641
20049,641
20054,641
20059,641
20064,641
20069,641
20074,641
20079,641
20084,641
20089,641
20094,641
20099,641
20104,641
20109,641
20114,641
20119,641
20124,641
20129,641
20134,641
20139,641
20144,641
20149,641
20154,641
20159,641
20164,641
20169,641
20174,641
20179,641
20184,641
20189,641
20194,641
20199,641
20204,641
20209,641
20214,641
20219,641
20224,641
20230,641
20235,641
20240,641
20245,641
20250,641
20255,641
20260,641
20265,641
20270,641
20275,641
20280,641
20285,641
20290,641
20295,641
20300,641
20305,641
20310,641
20315,641
20320,641
20325,641
20330,641
20335,641
20340,641
20345,641
20350,641
20355,641
20360,641
20365,641
20370,641
20375,641
20380,641
20385,641
20390,641
20395,641
20400,641
20405,641
20410,641
20415,641
20420,641
20425,641
20430,641
20435,641
20440,641
20445,641
20450,641
20455,641
20460,641
20465,641
20470,641
20475,641
20480,641
20485,641
20490,641
20495,641
20500,641
20505,641
20510,641
20515,641
20520,641
20525,641
20530,641
20535,641
20540,641
20545,641
20550,641
20555,641
20560,641
20565,641
20570,641
20575,641
20580,641
20585,641
20590,641
20595,641
20600,641
20605,641
20610,641
20615,641
20620,641
20625,641
20630,641
20635,641
20640,641
20645,641
20650,641
20655,641
20660,641
20665,641
20670,641
20675,641
20680,641
20685,641
20690,641
20695,641
20700,641
20705,641
20710,641
20715,641
20720,641
20725,641
20730,641
20735,641
20740,641
20745,641
20750,641
20755,641
20760,641
20765,641
20770,641
20775,641
20780,641
20785,641
20790,641
20795,641
20800,641
20805,641
20810,641
20815,641
20820,641
20825,641
20830,641
20835,641
20840,641
20845,641
20850,641
20855,641
20860,641
20865,641
20870,641
20876,641
20881,641
20886,641
20891,641
20896,641
20901,641
20906,641
20911,641
20916,641
20921,641
20926,641
20931,641
20936,641
20941,641
20946,641
20951,641
20956,641
20961,641
20966,641
20971,641
20976,641
20981,641
20986,641
20991,641
20996,641
21001,641
21006,641
21011,641
21016,641
21021,641
21026,641
21031,641
21036,641
21041,641
21046,641
21051,641
21056,641
21061,641
21066,641
21071,641
21076,641
21081,641
21086,641
21091,641
21096,641
21101,641
21106,641
21111,641
21116,641
21121,641
21126,641
21131,641
21136,641
21141,641
21146,641
21151,641
21156,641
21161,641
21166,641
21171,641
21176,641
21181,641
21186,641
21191,641
21196,641
21201,641
21206,641
21211,641
21216,641
21221,641
21226,641
21231,641
21236,641
21241,641
21246,641
21251,641
21256,641
21261,641
21266,641
21271,641
21276,641
21281,641
21286,641
21291,641
21296,641
21301,641
21306,641
21311,641
21316,641
21321,641
21326,641
21331,641
21336,641
21341,641
21346,641
21351,641
21356,641
21361,641
21366,641
21371,641
21376,641
21381,641
21386,641
21391,641
21396,641
21401,641
21406,641
21411,641
21416,641
21421,641
21426,641
21431,641
21436,641
21441,641
21446,641
21451,641
21456,641
21461,641
21466,641
21472,641
21477,641
21482,641
21487,641
21492,641
21497,641
21502,641
21507,641
21512,641
21517,641
21522,641
21527,641
21532,641
21537,641
21542,641
21547,641
21552,641
21557,641
21562,641
21567,641
21572,641
21577,641
21582,641
21587,641
21592,641
21597,641
21602,641
21607,641
21612,641
21617,641
